6932 96
6932 100
6932 100
6932 100
6932 100
6932 100
6932 104
6932 104
6932 104
6932 100
6932 104
6932 100
6932 108
6932 104
6932 108
6932 104
6932 108
6932 108
6932 108
6932 112
6932 108
6932 104
6932 108
6932 112
6932 108
6932 112
6932 112
6932 112
6932 116
6932 116
6932 112
6932 112
6932 112
6932 116
6932 116
6932 116
6932 120
6932 116
6932 116
6932 120
6932 120
6932 116
6932 120
6932 120
6932 120
6932 120
6932 120
6932 120
6932 124
6932 120
6932 124
6932 124
6932 124
6932 124
6932 128
6932 124
6932 124
6932 128
6932 128
6932 128
6932 128
6932 128
6932 128
6932 128
6932 132
6932 132
6932 132
6932 132
6932 128
6932 132
6932 136
6932 132
6932 136
6932 136
6932 136
6932 136
6932 136
6932 136
6932 140
6932 140
6932 140
6932 136
6932 136
6932 136
6932 140
6932 144
6932 144
6932 148
6932 140
6932 140
6932 140
6932 144
6932 144
6932 148
6932 148
6932 148
6932 148
6932 140
6932 144
6932 148
6932 148
6932 156
6932 152
6932 148
6932 152
6932 148
6932 148
6932 152
6932 156
6932 156
6932 156
6932 156
6932 152
6932 152
6932 152
6932 156
6932 156
6932 160
6932 160
6932 160
6932 156
6932 156
6932 160
6932 164
6932 164
6932 164
6932 160
6932 160
6932 160
6932 160
6932 164
6932 168
6932 168
6932 164
6932 168
6932 164
6932 168
6932 168
6932 168
6932 172
6932 168
6932 168
6932 164
6932 172
6932 172
6932 172
6932 180
6932 172
6932 172
6932 172
6932 172
6932 176
6932 180
6932 172
6932 176
6932 172
6932 180
6932 180
6932 180
6932 184
6932 180
6932 172
6932 180
6932 180
6932 184
6932 188
6932 184
6932 184
6932 180
6932 184
6932 188
6932 188
6932 188
6932 184
6932 184
6932 184
6932 188
6932 192
6932 192
6932 188
6932 188
6932 192
6932 192
6932 192
6932 192
6932 184
6932 192
6932 188
6932 196
6932 200
6932 200
6932 200
6932 192
6932 196
6932 196
6932 200
6932 200
6932 196
6932 196
6932 200
6932 200
6932 204
6932 204
6932 208
6932 200
6932 204
6932 204
6932 204
6932 204
6932 208
6932 204
6932 204
6932 208
6932 212
6932 212
6932 212
6932 208
6932 208
6932 208
6932 212
6932 208
6932 212
6932 212
6932 216
6932 216
6932 220
6932 220
6932 212
6932 212
6932 216
6932 212
6932 216
6932 216
6932 216
6932 220
6932 224
6932 228
6932 224
6932 220
6932 220
6932 220
6932 224
6932 220
6932 224
6932 224
6932 228
6932 228
6932 228
6932 228
6932 228
6932 228
6932 228
6932 232
6932 228
6932 232
6932 228
6932 232
6932 236
6932 232
6932 232
6932 236
6932 236
6932 240
6932 236
6932 236
6932 240
6932 240
6932 240
6932 236
6932 236
6932 236
6932 240
6932 244
6932 244
6932 244
6932 240
6932 244
6932 248
6932 248
6932 240
6932 240
6932 240
6932 248
6932 248
6932 252
6932 256
6932 252
6932 240
6932 240
6932 244
6932 248
6932 248
6932 256
6932 260
6932 260
6932 264
6932 252
6932 236
6932 236
6932 240
6932 244
6932 248
6932 260
6932 256
7632 256
7632 256
7632 260
7632 260
7632 260
7632 264
7632 264
7632 260
7632 260
7632 260
7632 256
7632 256
7632 256
7632 260
7632 260
7632 256
7632 260
7632 264
7632 260
7632 260
7632 264
7632 260
7632 260
7632 256
7632 260
7632 256
7632 260
7632 260
7632 264
7632 264
7632 268
7632 264
7632 268
7632 264
7632 260
7632 260
7632 260
7632 260
7632 260
7632 260
7632 264
7632 264
7632 260
7632 268
7632 264
7632 256
7632 260
7632 264
7632 256
7632 260
7632 260
7632 264
7632 260
7632 264
7632 264
7632 264
7632 264
7632 260
7632 260
7632 260
7632 260
7632 256
7632 264
7632 260
7632 260
7632 264
7632 264
7632 264
7632 264
7632 260
7632 260
7632 256
7632 256
7632 256
7632 260
7632 256
7632 260
7632 264
7632 260
7632 264
7632 264
7632 260
7632 264
7632 260
7632 260
7632 260
7632 260
7632 260
7632 256
7632 260
7632 256
7632 260
7632 260
7632 260
7632 260
7632 264
7632 260
7632 256
7632 260
7632 256
7632 256
7632 256
7632 260
7632 256
7632 264
7632 256
7632 260
7632 260
7632 260
7632 256
7632 260
7632 260
7632 260
7632 264
7632 260
7632 260
7632 256
7632 260
7632 260
7632 256
7632 260
7632 260
7632 264
7632 260
7632 260
7632 260
7632 260
7632 256
7632 256
7632 260
7632 260
7632 260
7632 260
7632 260
7632 260
7632 256
7632 260
7632 256
7632 264
7632 256
7632 256
7632 264
7632 256
7632 256
7632 260
7632 260
7632 256
7632 260
7632 260
7632 260
7632 260
7632 260
7632 256
7632 260
7632 256
7632 260
7632 260
7632 256
7632 260
7632 260
7632 260
7632 260
7632 256
7632 256
7632 260
7632 252
7632 260
7632 256
7632 256
7632 256
7632 256
7632 256
7632 260
7632 252
7632 256
7632 256
7632 256
7632 260
7632 256
7632 256
7632 252
7632 252
7632 260
7632 256
7632 256
7632 256
7632 260
7632 260
7632 252
7632 256
7632 260
7632 256
7632 252
7632 256
7632 260
7632 256
7632 260
7632 256
7632 256
7632 256
7632 256
7632 256
7632 256
7632 260
7632 256
7632 256
7632 260
7632 256
7632 256
7632 256
7632 256
7632 256
7632 256
7632 256
7632 252
7632 256
7632 256
7632 252
7632 256
7632 256
7632 256
7632 260
7632 260
7632 256
7632 264
7632 256
7632 256
7632 252
7632 256
7632 252
7632 256
7632 256
7632 256
7632 260
7632 256
7632 256
7632 256
7632 252
7632 252
7632 256
7632 256
7632 256
7632 260
7632 256
7632 256
7632 256
7632 256
7632 256
7632 256
7632 256
7632 256
7632 256
7632 256
7632 256
7632 252
7632 256
7632 256
7632 252
7632 260
7632 260
7632 256
7632 256
7632 260
7632 256
7632 252
7632 256
7632 252
7632 256
7632 256
7632 260
7632 260
7632 256
7632 256
7632 256
7632 256
7632 256
7632 252
7632 260
7632 260
7632 256
7632 260
7632 260
7632 256
7632 256
7632 252
7632 256
7632 256
7632 252
7632 256
7632 260
7632 252
7632 256
7632 252
7632 256
7632 256
7632 252
7632 260
7632 256
7632 260
7632 256
7632 256
7632 256
7632 256
7632 256
7632 256
7632 260
7632 252
7632 260
7632 256
7632 256
7632 252
7632 256
7632 256
7632 252
7632 260
7632 256
7632 260
7632 256
7632 256
7632 256
7632 256
7632 252
7632 252
7632 256
7632 260
7632 256
7632 260
7632 256
7632 256
7632 252
7632 256
7632 252
7632 252
7632 256
7632 256
7632 260
7632 256
7632 256
7632 256
7632 256
7632 252
7632 248
7632 256
7632 252
7632 256
7632 252
7632 256
7632 252
7632 256
7632 252
7632 256
7632 252
7632 256
7632 252
7632 252
7632 252
7632 248
7632 252
7632 256
7632 252
7632 252
7632 256
7632 256
7632 256
7632 252
7632 252
7632 252
7632 248
7632 248
7632 252
7632 248
7632 256
7632 252
7632 256
7632 256
7632 252
7632 252
7632 252
7632 248
7632 248
7632 248
7632 252
7632 252
7632 252
7632 248
7632 252
7632 248
7632 248
7632 248
7632 252
7632 252
7632 252
7632 252
7632 252
7632 248
7632 252
7632 248
7632 252
7632 248
7632 252
7632 252
7632 252
7632 252
7632 248
7632 252
7632 248
7632 248
7632 248
7632 252
7632 252
7632 248
7632 252
7632 252
7632 252
7632 248
7632 248
7632 248
7632 252
7632 252
7632 252
7632 252
7632 248
7632 252
7632 252
7632 248
7632 248
7632 248
7632 248
7632 256
7632 252
7632 248
7632 252
7632 252
7632 248
7632 244
7632 248
7632 252

7532 208
7532 216
7532 212
7532 216
7532 216
7532 216
7532 216
7532 212
7532 212
7532 216
7532 212
7532 208
7532 216
7532 212
7532 216
7532 212
7532 216
7532 216
7532 212
7532 212
7532 216
7532 212
7532 212
7532 212
7532 212
7532 216
7532 216
7532 212
7532 216
7532 212
7532 212
7532 212
7532 212
7532 208
7532 212
7532 212
7532 216
7532 212
7532 216
7532 212
7532 216
7532 212
7532 212
7532 208
7532 212
7532 208
7532 212
7532 212
7532 212
7532 216
7532 216
7532 212
7532 212
7532 212
7532 212
7532 208
7532 208
7532 208
7532 212
7532 216
7532 212
7532 212
7532 212
7532 216
7532 212
7532 212
7532 208
7532 212
7532 212
7532 212
7532 208
7532 216
7532 212
7532 216
7532 212
7532 208
7532 212
7532 212
7532 208
7532 208
7532 212
7532 212
7532 216
7532 212
7532 212
7532 212
7532 216
7532 208
7532 212
7532 212
7532 208
7532 212
7532 212
7532 216
7532 216
7532 212
7532 216
7532 212
7532 212
7532 212
7532 212
7532 208
7532 212
7532 212
7532 212
7532 216
7532 216
7532 216
7532 212
7532 212
7532 216
7532 212
7532 208
7532 212
7532 212
7532 216
7532 216
7532 216
7532 212
7532 216
7532 212
7532 212
7532 216
7532 208
7532 212
7532 212
7532 216
7532 216
7532 212
7532 216
7532 212
7532 216
7532 212
7532 212
7532 212
7532 212
7532 212
7532 212
7532 216
7532 212
7532 216
7532 212
7532 212
7532 212
7532 212
7532 212
7532 208
7532 212
7532 216
7532 212
7532 216
7532 212
7532 212
7532 208
7532 212
7532 212
7532 208
7532 208
7532 212
7532 212
7532 212
7532 212
7532 212
7532 212
7532 212
7532 212
7532 212
7532 208
7532 212
7532 208
7532 212
7532 212
7532 216
7532 212
7532 212
7532 212
7532 212
7532 212
7532 208
7532 212
7532 208
7532 212
7532 216
7532 212
7532 212
7532 212
7532 212
7532 212
7532 208
7532 208
7532 208
7532 208
7532 212
7532 208
7532 212
7532 216
7532 208
7532 212
7532 212
7532 208
7532 212
7532 208
7532 208
7532 212
7532 212
7532 212
7532 216
7532 212
7532 208
7532 212
7532 212
7532 208
7532 212
7532 204
7532 212
7532 212
7532 212
7532 216
7532 212
7532 216
7532 212
7532 208
7532 208
7532 212
7532 208
7532 208
7532 208
7532 212
7532 212
7532 216
7532 208
7532 212
7532 208
7532 208
7532 208
7532 204
7532 204
7532 212
7532 208
7532 212
7532 212
7532 208
7532 212
7532 212
7532 208
7532 208
7532 208
7532 204
7532 208
7532 208
7532 208
7532 212
7532 212
7532 208
7532 212
7532 208
7532 204
7532 208
7532 204
7532 204
7532 208
7532 204
7532 212
7532 208
7532 208
7532 212
7532 204
7532 208
7532 204
7532 204
7532 204
7532 204
7532 204
7532 204
7532 212
7532 208
7532 208
7532 208
7532 204
7532 208
7532 204
7532 204
7532 204
7532 208
7532 204
7532 212
7532 208
7532 208
7532 208
7532 208
7532 204
7532 204
7532 204
7532 208
7532 204
7532 204
7532 208
7532 208
7532 208
7532 208
7532 208
7532 208
7532 204
7532 204
7532 204
7532 204
7532 204
7532 204
7532 208
7532 208
7532 204
7532 212
7532 204
7532 208
7532 204
7532 204
7532 204
7532 204
7532 200
7532 208
7532 204
7532 208
7532 208
7532 208
7532 208
7532 204
7532 204
7532 204
7532 204
7532 200
7532 204
7532 204
7532 204
7532 208
7532 208
7532 204
7532 204
7532 204
7532 204
7532 204
7532 200
7532 204
7532 200
7532 204
7532 204
7532 204
7532 208
7532 204
7532 200
7532 204
7532 200
7532 200
7532 200
7532 200
7532 200
7532 204
7532 204
7532 200
7532 204
7532 200
7532 204
7532 204
7532 200
7532 200
7532 200
7532 204
7532 200
7532 204
7532 200
7532 200
7532 204
7532 204
7532 204
7532 200
7532 200
7532 200
7532 200
7532 200
7532 200
7532 200
7532 204
7532 196
7532 204
7532 200
7532 204
7532 200
7532 200
7532 204
7532 208
7532 204
7532 204
7532 200
7532 204
7532 204
7532 204
7532 200
7532 204
7532 204
7532 200
7532 204
7532 208
7532 204
7532 204
7532 200
7532 204
7532 204
7532 204
7532 200
7532 204
7532 200
7532 204
7532 204
7532 204
7532 204
7532 200
7532 204
7532 200
7532 204
7532 204
7532 200
7532 200
7532 204
7532 200
7532 204
7532 204
7532 200
7532 200
7532 204
7532 200
7532 204
7532 200
7532 204
7532 196
7532 196
7532 200
7532 196
7532 192
7532 196
7532 192
7532 196
7532 196
7532 196
7532 196
7532 196
7532 192
7532 196
7532 196
7532 192
7532 192
7532 196
7532 192
7532 192
7532 196
7532 192
7532 196
7532 192
7532 192
7532 192
7532 196
7532 196
7532 192
7532 192
7532 188
7532 192
7532 196
7532 192
7532 192
7532 192
7532 192
7532 196
7532 192
7532 192
7532 192
7532 192
7532 192
7532 188
7532 192
7532 192
7532 192
7532 188
7532 192
7532 192
7532 188
7532 192
7532 192
7532 188
7532 192
7532 184
7532 188
7532 192
7532 188
7532 188
7532 184
7532 188
7532 188
7532 188
7532 188
7532 188
7532 184
7532 188
7532 184
7532 188
7532 184
7532 188
7532 184
7532 188
7532 184
7532 188
7532 184
7532 188
7532 184
7532 188
7532 180
7532 184
7532 184
7532 184
7532 184
7532 184
7532 184
7532 184
7532 184
7532 184
7532 184
7532 184
7532 184
7532 180
7532 180
7532 184
7532 184
7532 184
7532 180
7532 184
7532 180
7532 184
7532 184
7532 184
7532 184
7532 184
7532 180
7532 180
7532 184
7532 180
7532 180
7532 184
7532 180
7532 184
7532 180
7532 180
7532 184
7532 180
7532 180
7532 180
7532 180
7532 180
7532 184
7532 180
7532 180
7532 176
7532 184
7532 180
7532 180
7532 180
7532 180
7532 180
7532 180
7532 176
7532 180
7532 180
7532 180
7532 180
7532 176
7532 180
7532 176
7532 180
7532 180
7532 180
7532 176
7532 180
7532 176
7532 176
7532 176
7532 176
7532 176
7532 176
7532 180
7532 176
7532 180
7532 176
7532 176
7532 176
7532 172
7532 176
7532 172
7532 172
7532 176
7532 172
7532 172
7532 172
7532 172
7532 172
7532 172
7532 172
7532 172
7532 176
7532 172
7532 168
7532 172
7532 172
7532 168
7532 172
7532 168
7532 168
7532 172
7532 168
7532 172
7532 172
7532 168
7532 168
7532 172
7532 168
7532 168
7532 168
7532 164
7532 168
7532 168
7532 168
7532 168
7532 168
7532 168
7532 168
7532 168
7532 168
7532 164
7532 168
7532 160
7532 168
7532 160
7532 164
7532 164
7532 164
7532 164
7532 164
7532 160
7532 168
7532 164
7532 160
7532 164
7532 160
7532 160
7532 164
7532 160
7532 160
7532 160
7532 164
7532 156
7532 164
7532 156
7532 160
7532 160
7532 160
7532 156
7532 156
7532 160
7532 156
7532 156
7532 160
7532 156
7532 156
7532 156
7532 156
7532 156
7532 152
7532 156
7532 156
7532 156
7532 152
7532 152
7532 156
7532 152
7532 152
7532 156
7532 148
7532 152
7532 152
7532 148
7532 148
7532 148
7532 152
7532 152
7532 148
7532 152
7532 148
7532 148
7532 148
7532 148
7532 144
7532 148
7532 144
7532 144
7532 148
7532 144
7532 144
7532 144
7532 144
7532 148
7532 140
7532 148
7532 140
7532 144
7532 144
7532 140
7532 144
7532 140
7532 140
7532 140
7532 144
7532 136
7532 140
7532 140
7532 136
7532 140
7532 140
7532 136
7532 140
7532 136
7532 136
7532 132
7532 136
7532 132
7532 136
7532 132
7532 132
7532 136
7532 128
7532 132
7532 132
7532 132
7532 128
7532 132
7532 128
7532 132
7532 124
7532 132
7532 124
7532 132
7532 128
7532 128
7532 124
7532 128
7532 120
7532 124
7532 124
7532 124
7532 120
7532 124
7532 124
7532 124
7532 120
7532 124
7532 120
7532 116
7532 120
7532 116
7532 120
7532 120
7532 120
7532 116
7532 120
7532 116
7532 116
7532 112
7532 112
7532 116
7532 108
7532 112
7532 112
7532 116
7532 108
7532 112
7532 112
7532 108
7532 112
7532 104
7532 108
7532 104
7532 104
7532 108
7532 100
7532 108
7532 100
7532 104
7532 104
7532 96
7532 100
7532 96
7532 96
7532 100
7532 92
7532 96
7532 96
7532 88
7532 96
7532 92
7532 88
7532 92
7532 88
7532 84
7532 88
7532 84
7532 84
7532 84
7532 84
7532 80
7532 80
7532 80
7532 76
7532 76
7532 76
7532 76
7532 72
7532 72
7532 76
7532 68
7532 68
7532 68
7532 68
7532 60
7532 60
7532 64
7532 60
7532 60
7532 56
7532 56
7532 56
7532 56
7532 52
7532 48
7532 48
7532 48
7532 48
7532 40
7532 40
7532 40
7532 36
7532 40
7532 36
7532 32
7532 32
7532 28
7532 24
7532 28
7532 16
7532 20
7532 20
7532 12
7532 16
7532 12
7532 12
7532 16
7532 20
7532 36
7532 9
7532 0
7532 0
7532 0
6932 0
6932 0
6932 0
6932 0
6932 0
6932 0
6932 0
6932 0
6932 0
6932 0
6932 0
6932 0
6932 0
6932 0
6932 0
6932 0
6932 0
6932 0
6932 0
6932 0
6932 0
6932 0
6932 0
6932 0
6932 0
6932 0
6932 0
6932 0
6932 0
6932 0
6932 0
6932 0
6932 0
6932 0
6932 0
6932 0
6932 0
6932 0
6932 0
6932 0
6932 0
6932 0
6932 0
6932 0
6932 0
6932 0
6932 0
6932 0
6932 0
6932 0
6932 0
6932 0
6932 0
6932 0
6932 0
6932 0
6932 0
6932 0
6932 0
6932 0
6932 0
6932 0
6932 0
6932 0
6932 0
6932 0
6932 0
6932 0
6932 0
6932 0
6932 0
6932 0
6932 0
6932 0
6932 0
6932 0
6932 0
6932 0
6932 0
6932 0
6932 0
6932 0
6932 0
6932 0
6932 0
6932 0
6932 0
6932 0
6932 0
6932 0
6932 0
6932 0
6932 0
6932 0
6932 0
6932 0
6932 0
6932 0
6932 0
6932 0
6932 0
6932 0
6932 0
6932 0
6932 0
6932 0
6932 0
6932 0
6932 0
6932 0
6932 0
6932 0
6932 0
6932 0
6932 0
6932 0
6932 0
6932 0
6932 0
6932 0
6932 0
6932 0
6932 0
6932 0
6932 0
6932 0
6932 0
6932 0
6932 0
6932 0
6932 0
6932 0
6932 0
6932 0
6932 0
6932 0
6932 0
6932 0
6932 0
6932 0
6932 0
6932 0
6932 0
6932 0
6932 0
6932 0
6932 0
6932 0
6932 0
6932 0
6932 0
6932 0
6932 0
6932 0
6932 0
6932 0
6932 0
6932 0
6932 0
6932 0
6932 0
6932 0
6932 0
6932 0
6932 0
6932 0
6932 0
6932 0
6932 0
6932 0
6932 0
6932 0
6932 0
6932 0
6932 0
6932 0
6932 0
6932 0
6932 0
6932 0
6932 0
6932 0
6932 0
6932 0
6932 0
6932 0
6932 0
6932 0
6932 0
6932 0
6932 0
6932 0
6932 0
6932 0
6932 0
6932 0
6932 0
6932 0
6932 0
6932 0
6932 0
6932 0
6932 0
6932 0
6932 0
6932 0
6932 0
6932 0
6932 0
6932 0
6932 0
6932 0
6932 0
6932 0
6932 0
6932 0
6932 0
6932 0
6932 0
6932 0
6932 0
6932 0
6932 0
6932 0
6932 0
6932 0
6932 0
6932 0
6932 0
6932 0
6932 0
6932 0
6932 0
6932 0
6932 0
6932 0
6932 0
6932 0
6932 0
6932 0
6932 0
6932 0
6932 0
6932 0
6932 0
6932 0
6932 0
6932 0
6932 0
6932 0
6932 0
6932 0
6932 0
6932 0
6932 0
6932 0
6932 0
6932 0
6932 0
6932 0
6932 0
6932 0
6932 0
6932 0
6932 0
6932 0
6932 0
6932 0
6932 0
6932 0
6932 0
6932 0
6932 0
6932 0
6932 0
6932 0
6932 0
6932 0
6932 0
6932 0
6932 0
6932 0
6932 0
6932 0
6932 0
6932 0
6932 0
6932 0
6932 0
6932 0
6932 0
6932 0
6932 0
6932 0
6932 0
6932 0
6932 0
6932 0
6932 0
6932 0
6932 0
6932 0
6932 0
6932 0
6932 0
6932 0
6932 0
6932 0
6932 0
6932 0
6932 0
6932 0
6932 0
6932 0
6932 0
6932 0
6932 0
6932 0
6932 0
6932 0
6932 0
6932 0
6932 0
6932 0
6932 0
6932 0
6932 0
6932 0
6932 0
6932 0
6932 0
6932 0
6932 0
6932 0
6932 0
6932 0
6932 0
6932 0
6932 0
6932 0
6932 0
6932 0
6932 0
6932 0
6932 0
6932 0
6932 0
6932 0
6932 0
6932 0
6932 0
6932 0
6932 0
6932 0
6932 0
6932 0
6932 0
6932 0
6932 0
6932 0
6932 0
6932 0
6932 0
6932 0
6932 0
6932 0
6932 0
6932 0
6932 0
6932 0
6932 0
6932 0
6932 0
6932 0
6932 0
6932 0
6932 0
6932 0
6932 0
6932 0
6932 0
6932 0
6932 0
6932 0
6932 0
6932 0
6932 0
6932 0
6932 0
6932 0
6932 0
6932 0
6932 0
6932 0
6932 0
6932 0
6932 0
6932 0
6932 0
6932 0
6932 0
6932 0
6932 0
6932 0
6932 0
6932 0
6932 0
6932 0
6932 0
6932 0
6932 0
6932 0
6932 0
6932 0
6932 0
6932 0
6932 0
6932 0
6932 0
6932 0
6932 0
6932 0
6932 0
6932 0
6932 0
6932 0
6932 0
6932 0
6932 0
6932 0
6932 0
6932 0
6932 0
6932 0
6932 0
6932 0
6932 0
6932 0
6932 0
6932 0
6932 0
6932 0
6932 0
6932 0
6932 0
6932 0
6932 0
6932 0
6932 0
6932 0
6932 0
6932 0
6932 0
6932 0
6932 0
6932 0
6932 0
6932 0
6932 0
6932 0
6932 0
6932 0
6932 0
6932 0
6932 0
6932 0
6932 0
6932 0
6932 0
6932 0
6932 0
6932 0
6932 0
6932 0
6932 0
6932 0
6932 0
6932 0
6932 0
6932 0
6932 0
6932 0
6932 0
6932 0
6932 0
6932 0
6932 0
6932 0
6932 0
6932 0
6932 0
6932 0
6932 0
6932 0
6932 0
6932 0
6932 0
6932 0
6932 0
6932 0
6932 0
6932 0
6932 0
6932 0
6932 0
6932 0
6932 0
6932 0
6932 0
6932 0
6932 0
6932 0
6932 0
6932 0
6932 0
6932 0
6932 0
6932 0
6932 0
6932 0
6932 0
6932 0
6932 0
6932 0
6932 0
6932 0
6932 0
6932 0
6932 0
6932 0
6932 0
6932 0
6932 0
6932 0
6932 0
6932 0
6932 0
6932 0
6932 0
6932 0
6932 0
6932 0
6932 0
6932 0
6932 0
6932 0
6932 0
6932 0
6932 0
6932 0
6932 0
6932 0
6932 0
6932 0
6932 0
6932 0
6932 0
6932 0
6932 0
6932 0
6932 0
6932 0
6932 0
6932 0
6932 0
6932 0
6932 0
6932 0
6932 0
6932 0
6932 0
6932 0
6932 0
6932 0
6932 0
6932 0
6932 0
6932 0
6932 0
6932 0
6932 0
6932 0
6932 0
6932 0
6932 0
6932 0
6932 0
6932 0
6932 0
6932 0
6932 0
6932 0
6932 0
6932 0
6932 0
6932 0
6932 0
6932 0
6932 0
6932 0
6932 0
6932 0
6932 0
6932 0
6932 0
6932 0
6932 0
6932 0
6932 0
6932 0
6932 0
6932 0
6932 0
6932 0
6932 0
6932 0
6932 0
6932 0
6932 0
6932 0
6932 0
6932 0
6932 0
6932 0
6932 0
6932 0
6932 0
6932 0
6932 0
6932 0
6932 0
6932 0
6932 0
6932 0
6932 0
6932 0
6932 0
6932 0
6932 0
6932 0
6932 -4
6932 0
6932 0
6932 0
6932 3
6932 0
6932 0
6932 0
6932 0
6932 4
6932 0
6932 0
6932 4
6932 1
6932 0
6932 -4
6932 -4
6932 -1
6932 4
6932 4
6932 12
6932 12
6932 12
6932 20
6932 12
6932 4
6932 0
6932 0
6932 8
6932 12
6932 16
6932 12
6932 20
6932 16
6932 4
6932 8
6932 16
6932 12
6932 16
6932 16
6932 12
6932 12
6932 16
6932 16
6932 20
6932 20
6932 12
6932 20
6932 16
6932 20
6932 20
6932 20
6932 16
6932 20
6932 20
6932 20
6932 20
6932 20
6932 24
6932 20
6932 24
6932 20
6932 24
6932 24
6932 24
6932 20
6932 24
6932 28
6932 24
6932 28
6932 24
6932 28
6932 28
6932 24
6932 28
6932 28
6932 28
6932 28
6932 28
6932 32
6932 28
6932 28
6932 28
6932 28
6932 32
6932 36
6932 36
6932 32
6932 32
6932 28
6932 32
6932 32
6932 36
6932 36
6932 40
6932 36
6932 36
6932 32
6932 36
6932 36
6932 40
6932 40
6932 40
6932 36
6932 36
6932 40
6932 44
6932 44
6932 40
6932 40
6932 40
6932 44
6932 44
6932 48
6932 40
6932 40
6932 44
6932 44
6932 48
6932 48
6932 48
6932 44
6932 48
6932 48
6932 48
6932 48
6932 44
6932 48
6932 52
6932 52
6932 52
6932 48
6932 52
6932 52
6932 56
6932 52
6932 52
6932 52
6932 56
6932 52
6932 56
6932 52
6932 56
6932 56
6932 56
6932 52
6932 56
6932 60
6932 60
6932 60
6932 60
6932 60
6932 60
6932 60
6932 64
6932 60
6932 60
6932 64
6932 64
6932 64
6932 64
6932 68
6932 64
6932 64
6932 68
6932 64
6932 68
6932 68
6932 72
6932 68
6932 68
6932 72
6932 72
6932 72
6932 68
6932 72
6932 72
6932 72
6932 72
6932 72
6932 76
6932 72
6932 76
6932 72
6932 76
6932 80
6932 80
6932 76
6932 80
6932 76
6932 80
6932 80
6932 80
6932 84
6932 80
6932 80
6932 80
6932 84
6932 84
6932 88
6932 84
6932 88
6932 84
6932 84
6932 88
6932 84
6932 88
6932 84
6932 88
6932 88
6932 88
6932 92
6932 88
6932 92
6932 88
6932 92
6932 92
6932 92
6932 96
6932 96
6932 92
6932 92
6932 96
6932 96
6932 96
6932 96
6932 96
6932 96
6932 100
6932 96
6932 100
6932 100
6932 96
6932 100
6932 100
6932 96
6932 100
6932 100
6932 104
6932 100
6932 108
6932 104
6932 104
6932 104
6932 104
6932 104
6932 108
6932 104
6932 108
6932 108
6932 104
6932 112
6932 108
6932 112
6932 108
6932 108
6932 108
6932 112
6932 108
6932 112
6932 112
6932 116
6932 116
6932 116
6932 112
6932 116
6932 112
6932 116
6932 120
6932 116
6932 120
6932 120
6932 116
6932 120
6932 120
6932 120
6932 120
6932 120
6932 120
6932 124
6932 120
6932 124
6932 124
6932 124
6932 124
6932 128
6932 124
6932 128
6932 128
6932 124
6932 128
6932 128
6932 132
6932 128
6932 132
6932 128
6932 128
6932 128
6932 132
6932 132
6932 136
6932 136
6932 136
6932 132
6932 136
6932 132
6932 136
6932 140
6932 136
6932 136
6932 140
6932 140
6932 140
6932 136
6932 140
6932 140
6932 140
6932 140
6932 140
6932 144
6932 144
6932 148
6932 144
6932 140
6932 144
6932 144
6932 148
6932 148
6932 148
6932 148
6932 148
6932 148
6932 148
6932 152
6932 148
6932 152
6932 148
6932 152
6932 152
6932 152
6932 152
6932 156
6932 152
6932 156
6932 156
6932 156
6932 156
6932 160
6932 160
6932 160
6932 156
6932 144
6932 140
6932 144
6932 148
6932 152
6932 152
6932 156
6932 168
6932 164
7432 164
7432 164
7432 164
7432 164
7432 164
7432 168
7432 164
7432 160
7432 164
7432 164
7432 164
7432 164
7432 164
7432 164
7432 164
7432 160
7432 168
7432 168
7432 160
7432 168
7432 164
7432 160
7432 168
7432 164
7432 160
7432 164
7432 160
7432 164
7432 168
7432 164
7432 164
7432 164
7432 164
7432 164
7432 164
7432 164
7432 164
7432 160
7432 164
7432 160
7432 160
7432 164
7432 164
7432 164
7432 164
7432 160
7432 164
7432 164
7432 164
7432 164
7432 160
7432 164
7432 160
7432 164
7432 160
7432 164
7432 160
7432 164
7432 164
7432 164
7432 164
7432 160
7432 164
7432 160
7432 164
7432 164
7432 160
7432 164
7432 160
7432 160
7432 164
7432 160
7432 164
7432 164
7432 160
7432 164
7432 164
7432 164
7432 160
7432 164
7432 160
7432 160
7432 160
7432 164
7432 160
7432 160
7432 164
7432 160
7432 160
7432 164
7432 160
7432 164
7432 160
7432 160
7432 160
7432 164
7432 160
7432 160
7432 156
7432 160
7432 160
7432 164
7432 160
7432 164
7432 160
7432 160
7432 164
7432 160
7432 160
7432 160
7432 164
7432 156
7432 160
7432 160
7432 160
7432 160
7432 164
7432 160
7432 160
7432 164
7432 160
7432 160
7432 164
7432 160
7432 160
7432 160
7432 160
7432 160
7432 160
7432 160
7432 160
7432 160
7432 160
7432 164
7432 160
7432 160
7432 160
7432 164
7432 156
7432 164
7432 160
7432 156
7432 160
7432 160
7432 156
7432 160
7432 160
7432 160
7432 160
7432 160
7432 164
7432 156
7432 160
7432 160
7432 156
7432 160
7432 156
7432 160
7432 160
7432 156
7432 160
7432 160
7432 160
7432 160
7432 160
7432 160
7432 160
7432 160
7432 160
7432 160
7432 156
7432 160
7432 156
7432 160
7432 160
7432 156
7432 160
7432 160
7432 160
7432 164
7432 160
7432 160
7432 164
7432 160
7432 156
7432 160
7432 160
7432 160
7432 156
7432 160
7432 164
7432 160
7432 160
7432 164
7432 164
7432 160
7432 160
7432 164
7432 160
7432 160
7432 156
7432 160
7432 160
7432 160
7432 160
7432 160
7432 160
7432 160
7432 160
7432 160
7432 156
7432 156
7432 160
7432 156
7432 156
7432 156
7432 156
7432 156
7432 156
7432 160
7432 156
7432 160
7432 156
7432 160
7432 156
7432 160
7432 156
7432 160
7432 160
7432 156
7432 156
7432 156
7432 156
7432 160
7432 156
7432 156
7432 160
7432 156
7432 164
7432 160
7432 156
7432 160
7432 156
7432 160
7432 152
7432 156
7432 156
7432 156
7432 156
7432 160
7432 156
7432 160
7432 160
7432 156
7432 156
7432 160
7432 156
7432 156
7432 156
7432 156
7432 152
7432 156
7432 156
7432 156
7432 156
7432 156
7432 156
7432 156
7432 156
7432 160
7432 152
7432 156
7432 156
7432 152
7432 156
7432 152
7432 156
7432 152
7432 152
7432 156
7432 156
7432 156
7432 152
7432 156
7432 156
7432 156
7432 156
7432 156
7432 156
7432 156
7432 152
7432 152
7432 156
7432 156
7432 156
7432 156
7432 156
7432 156
7432 156
7432 160
7432 156
7432 156
7432 156
7432 156
7432 156
7432 156
7432 152
7432 156
7432 152
7432 152
7432 156
7432 156
7432 156
7432 156
7432 156
7432 156
7432 156
7432 156
7432 156
7432 152
7432 156
7432 152
7432 152
7432 156
7432 152
7432 156
7432 152
7432 156
7432 152
7432 156
7432 156
7432 152
7432 156
7432 152
7432 156
7432 152
7432 152
7432 156
7432 152
7432 152
7432 152
7432 152
7432 156
7432 156
7432 156
7432 152
7432 156
7432 156
7432 152
7432 156
7432 156
7432 148
7432 152
7432 152
7432 152
7432 152
7432 152
7432 152
7432 156
7432 156
7432 152
7432 156
7432 152
7432 152
7432 152
7432 152
7432 152
7432 152
7432 152
7432 152
7432 152
7432 152
7432 156
7432 148
7432 156
7432 156
7432 152
7432 152
7432 152
7432 156
7432 152
7432 152
7432 152
7432 152
7432 152
7432 148
7432 152
7432 152
7432 152
7432 152
7432 156
7432 152
7432 152
7432 152
7432 152
7432 152
7432 152
7432 152
7432 148
7432 152
7432 148
7432 152
7432 148
7432 152
7432 152
7432 152
7432 156
7432 152
7432 152
7432 156
7432 148
7432 152
7432 152
7432 152
7432 152
7432 148
7432 152
7432 152
7432 148
7432 152
7432 152
7432 156
7432 152
7432 152
7432 152
7432 152
7432 152
7432 152
7432 152
7432 148
7432 152
7432 148
7432 152
7432 148
7432 152
7432 152
7432 152
7432 152
7432 152
7432 152
7432 152
7432 152
7432 152
7432 152
7432 148
7432 152
7432 152
7432 148
7432 152
7432 148
7432 152
7432 152
7432 152
7432 152
7432 152
7432 152
7432 152
7432 148
7432 152
7432 148
7432 152
7432 148
7432 148
7432 148
7432 148
7432 148
7432 148
7432 152
7432 148
7432 152
7432 152
7432 148
7432 148
7432 148
7432 148
7432 152
7432 144
7432 148
7432 148
7432 144
7432 148
7432 148
7432 148
7432 148
7432 148
7432 148
7432 148
7432 148
7432 148
7432 148
7432 144
7432 148
7432 148
7432 144
7432 144
7432 144
7432 148
7432 140
7432 148
7432 144
7432 148
7432 148
7432 144
7432 148
7432 144
7432 148
7432 140
7432 144
7432 144
7432 144
7432 144
7432 140
7432 144
7432 140
7432 144
7432 140
7432 148
7432 144
7432 144
7432 144
7432 140
7432 144
7432 140
7432 144
7432 144
7432 140
7432 144
7432 140
7432 140
7432 140
7432 140
7432 140
7432 144
7432 144
7432 144
7432 140
7432 144
7432 140
7432 140
7432 144
7432 140
7432 140
7432 140
7432 140
7432 140
7432 140
7432 140
7432 136
7432 140
7432 140
7432 144
7432 140
7432 144
7432 140
7432 144
7432 140
7432 140
7432 140
7432 136
7432 144
7432 136
7432 140
7432 140
7432 140
7432 136
7432 140
7432 140
7432 140
7432 144
7432 136
7432 144
7432 136
7432 140
7432 136
7432 144
7432 136
7432 140
7432 136
7432 140
7432 136
7432 136
7432 140
7432 136
7432 140
7432 136
7432 140
7432 136
7432 140
7432 140
7432 140
7432 136
7432 136
7432 136
7432 136
7432 136
7432 136
7432 136
7432 132
7432 140
7432 132
7432 140
7432 136
7432 136
7432 136
7432 136
7432 136
7432 136
7432 136
7432 136
7432 136
7432 136
7432 132
7432 136
7432 136
7432 132
7432 136
7432 132
7432 136
7432 132
7432 136
7432 132
7432 136
7432 136
7432 136
7432 136
7432 136
7432 132
7432 132
7432 132
7432 132
7432 132
7432 132
7432 136
7432 132
7432 132
7432 128
7432 132
7432 128
7432 132
7432 128
7432 128
7432 128
7432 128
7432 128
7432 128
7432 124
7432 128
7432 124
7432 128
7432 128
7432 128
7432 124
7432 128
7432 120
7432 128
7432 124
7432 128
7432 124
7432 128
7432 124
7432 128
7432 124
7432 124
7432 124
7432 124
7432 120
7432 124
7432 120
7432 124
7432 124
7432 120
7432 124
7432 124
7432 124
7432 120
7432 124
7432 120
7432 128
7432 120
7432 120
7432 124
7432 124
7432 116
7432 124
7432 120
7432 120
7432 120
7432 120
7432 116
7432 120
7432 120
7432 120
7432 120
7432 116
7432 124
7432 116
7432 120
7432 116
7432 120
7432 120
7432 116
7432 116
7432 120
7432 116
7432 112
7432 120
7432 112
7432 116
7432 116
7432 116
7432 112
7432 116
7432 116
7432 112
7432 116
7432 116
7432 116
7432 112
7432 116
7432 112
7432 116
7432 112
7432 112
7432 112
7432 108
7432 116
7432 108
7432 112
7432 112
7432 108
7432 112
7432 108
7432 112
7432 108
7432 112
7432 108
7432 108
7432 112
7432 108
7432 112
7432 104
7432 112
7432 108
7432 108
7432 108
7432 100
7432 108
7432 104
7432 104
7432 108
7432 104
7432 104
7432 104
7432 104
7432 104
7432 100
7432 108
7432 100
7432 104
7432 104
7432 100
7432 104
7432 100
7432 100
7432 104
7432 100
7432 100
7432 100
7432 100
7432 100
7432 92
7432 100
7432 100
7432 96
7432 100
7432 92
7432 100
7432 100
7432 92
7432 100
7432 92
7432 96
7432 100
7432 92
7432 96
7432 96
7432 92
7432 96
7432 96
7432 92
7432 96
7432 88
7432 92
7432 96
7432 88
7432 92
7432 92
7432 88
7432 92
7432 88
7432 88
7432 92
7432 88
7432 84
7432 92
7432 88
7432 88
7432 88
7432 88
7432 84
7432 88
7432 84
7432 84
7432 88
7432 84
7432 80
7432 88
7432 84
7432 80
7432 84
7432 84
7432 80
7432 80
7432 80
7432 80
7432 76
7432 80
7432 80
7432 76
7432 80
7432 76
7432 76
7432 72
7432 80
7432 72
7432 72
7432 80
7432 72
7432 68
7432 72
7432 76
7432 68
7432 68
7432 72
7432 72
7432 64
7432 68
7432 68
7432 68
7432 64
7432 64
7432 68
7432 64
7432 60
7432 60
7432 64
7432 60
7432 56
7432 60
7432 56
7432 60
7432 56
7432 52
7432 52
7432 56
7432 52
7432 52
7432 52
7432 52
7432 48
7432 48
7432 48
7432 44
7432 48
7432 44
7432 44
7432 40
7432 40
7432 40
7432 40
7432 36
7432 40
7432 32
7432 36
7432 32
7432 32
7432 32
7432 32
7432 28
7432 28
7432 32
7432 24
7432 24
7432 28
7432 20
7432 24
7432 20
7432 24
7432 16
7432 20
7432 16
7432 16
7432 20
7432 16
7432 8
7432 16
7432 12
7432 8
7432 8
7432 4
7432 12
7432 8
7432 1
7432 7
7432 32
7432 17
7432 0
7432 0
7432 0
7432 0
6932 0
6932 0
6932 0
6932 0
6932 0
6932 0
6932 0
6932 0
6932 0
6932 0
6932 0
6932 0
6932 0
6932 0
6932 0
6932 0
6932 0
6932 0
6932 0
6932 0
6932 0
6932 0
6932 0
6932 0
6932 0
6932 0
6932 0
6932 0
6932 0
6932 0
6932 0
6932 0
6932 0
6932 0
6932 0
6932 0
6932 0
6932 0
6932 0
6932 0
6932 0
6932 0
6932 0
6932 0
6932 0
6932 0
6932 0
6932 0
6932 0
6932 0
6932 0
6932 0
6932 0
6932 0
6932 0
6932 0
6932 0
6932 0
6932 0
6932 0
6932 0
6932 0
6932 0
6932 0
6932 0
6932 0
6932 0
6932 0
6932 0
6932 0
6932 0
6932 0
6932 0
6932 0
6932 0
6932 0
6932 0
6932 0
6932 0
6932 0
6932 0
6932 0
6932 0
6932 0
6932 0
6932 0
6932 0
6932 0
6932 0
6932 0
6932 0
6932 0
6932 0
6932 0
6932 0
6932 0
6932 0
6932 0
6932 0
6932 0
6932 0
6932 0
6932 0
6932 0
6932 0
6932 0
6932 0
6932 0
6932 0
6932 0
6932 0
6932 0
6932 0
6932 0
6932 0
6932 0
6932 0
6932 0
6932 0
6932 0
6932 0
6932 0
6932 0
6932 0
6932 0
6932 0
6932 0
6932 0
6932 0
6932 0
6932 0
6932 0
6932 0
6932 0
6932 0
6932 0
6932 0
6932 0
6932 0
6932 0
6932 0
6932 0
6932 0
6932 0
6932 0
6932 0
6932 0
6932 0
6932 0
6932 0
6932 0
6932 0
6932 0
6932 0
6932 0
6932 0
6932 0
6932 0
6932 0
6932 0
6932 0
6932 0
6932 0
6932 0
6932 0
6932 0
6932 0
6932 0
6932 0
6932 0
6932 0
6932 0
6932 0
6932 0
6932 0
6932 0
6932 0
6932 0
6932 0
6932 0
6932 0
6932 0
6932 0
6932 0
6932 0
6932 0
6932 0
6932 0
6932 0
6932 0
6932 0
6932 0
6932 0
6932 0
6932 0
6932 0
6932 0
6932 0
6932 0
6932 0
6932 0
6932 0
6932 0
6932 0
6932 0
6932 0
6932 0
6932 0
6932 0
6932 0
6932 0
6932 0
6932 0
6932 0
6932 0
6932 0
6932 0
6932 0
6932 0
6932 0
6932 0
6932 0
6932 0
6932 0
6932 0
6932 0
6932 0
6932 0
6932 0
6932 0
6932 0
6932 0
6932 0
6932 0
6932 0
6932 0
6932 0
6932 0
6932 0
6932 0
6932 0
6932 0
6932 0
6932 0
6932 0
6932 0
6932 0
6932 0
6932 0
6932 0
6932 0
6932 0
6932 0
6932 0
6932 0
6932 0
6932 0
6932 0
6932 0
6932 0
6932 0
6932 0
6932 0
6932 0
6932 0
6932 0
6932 0
6932 0
6932 0
6932 0
6932 0
6932 0
6932 0
6932 0
6932 0
6932 0
6932 0
6932 0
6932 0
6932 0
6932 0
6932 0
6932 0
6932 0
6932 0
6932 0
6932 0
6932 0
6932 0
6932 0
6932 0
6932 0
6932 0
6932 0
6932 0
6932 0
6932 0
6932 0
6932 0
6932 0
6932 0
6932 0
6932 0
6932 0
6932 0
6932 0
6932 0
6932 0
6932 0
6932 0
6932 0
6932 0
6932 0
6932 0
6932 0
6932 0
6932 0
6932 0
6932 0
6932 0
6932 0
6932 0
6932 0
6932 0
6932 0
6932 0
6932 0
6932 0
6932 0
6932 0
6932 0
6932 0
6932 0
6932 0
6932 0
6932 0
6932 0
6932 0
6932 0
6932 0
6932 0
6932 0
6932 0
6932 0
6932 0
6932 0
6932 0
6932 0
6932 0
6932 0
6932 0
6932 0
6932 0
6932 0
6932 0
6932 0
6932 0
6932 0
6932 0
6932 0
6932 0
6932 0
6932 0
6932 0
6932 0
6932 0
6932 0
6932 0
6932 0
6932 0
6932 0
6932 0
6932 0
6932 0
6932 0
6932 0
6932 0
6932 0
6932 0
6932 0
6932 0
6932 0
6932 0
6932 0
6932 0
6932 0
6932 0
6932 0
6932 0
6932 0
6932 0
6932 0
6932 0
6932 0
6932 0
6932 0
6932 0
6932 0
6932 0
6932 0
6932 0
6932 0
6932 0
6932 0
6932 0
6932 0
6932 0
6932 0
6932 0
6932 0
6932 0
6932 0
6932 0
6932 0
6932 0
6932 0
6932 0
6932 0
6932 0
6932 0
6932 0
6932 0
6932 0
6932 0
6932 0
6932 0
6932 0
6932 0
6932 0
6932 0
6932 0
6932 0
6932 0
6932 0
6932 0
6932 0
6932 0
6932 0
6932 0
6932 0
6932 0
6932 0
6932 0
6932 0
6932 0
6932 0
6932 0
6932 0
6932 0
6932 0
6932 0
6932 0
6932 0
6932 0
6932 0
6932 0
6932 0
6932 0
6932 0
6932 0
6932 0
6932 0
6932 0
6932 0
6932 0
6932 0
6932 0
6932 0
6932 0
6932 0
6932 0
6932 0
6932 0
6932 0
6932 0
6932 0
6932 0
6932 0
6932 0
6932 0
6932 0
6932 0
6932 0
6932 0
6932 0
6932 0
6932 0
6932 0
6932 0
6932 0
6932 0
6932 0
6932 0
6932 0
6932 0
6932 0
6932 0
6932 0
6932 0
6932 0
6932 0
6932 0
6932 0
6932 0
6932 0
6932 0
6932 0
6932 0
6932 0
6932 0
6932 0
6932 0
6932 0
6932 0
6932 0
6932 0
6932 0
6932 0
6932 0
6932 0
6932 0
6932 0
6932 0
6932 0
6932 0
6932 0
6932 0
6932 0
6932 0
6932 0
6932 0
6932 0
6932 0
6932 0
6932 0
6932 0
6932 0
6932 0
6932 0
6932 0
6932 0
6932 0
6932 0
6932 0
6932 0
6932 0
6932 0
6932 0
6932 0
6932 0
6932 0
6932 0
6932 0
6932 0
6932 0
6932 0
6932 0
6932 0
6932 0
6932 0
6932 0
6932 0
6932 0
6932 0
6932 0
6932 0
6932 0
6932 0
6932 0
6932 0
6932 0
6932 0
6932 0
6932 0
6932 0
6932 0
6932 0
6932 0
6932 0
6932 0
6932 0
6932 0
6932 0
6932 0
6932 0
6932 0
6932 0
6932 0
6932 0
6932 0
6932 0
6932 0
6932 0
6932 0
6932 0
6932 0
6932 0
6932 0
6932 0
6932 0
6932 0
6932 0
6932 0
6932 0
6932 0
6932 0
6932 0
6932 0
6932 0
6932 0
6932 0
6932 0
6932 0
6932 0
6932 0
6932 0
6932 0
6932 0
6932 0
6932 0
6932 0
6932 0
6932 0
6932 0
6932 0
6932 0
6932 0
6932 0
6932 0
6932 0
6932 0
6932 0
6932 0
6932 0
6932 0
6932 0
6932 0
6932 0
6932 0
6932 0
6932 0
6932 0
6932 0
6932 0
6932 0
6932 0
6932 0
6932 0
6932 0
6932 0
6932 0
6932 0
6932 0
6932 0
6932 0
6932 0
6932 0
6932 0
6932 0
6932 0
6932 0
6932 0
6932 0
6932 0
6932 0
6932 0
6932 0
6932 0
6932 0
6932 0
6932 0
6932 0
6932 0
6932 0
6932 0
6932 0
6932 0
6932 0
6932 0
6932 0
6932 0
6932 0
6932 0
6932 0
6932 0
6932 0
6932 0
6932 0
6932 0
6932 0
6932 0
6932 0
6932 0
6932 0
6932 0
6932 0
6932 0
6932 0
6932 0
6932 0
6932 0
6932 0
6932 0
6932 0
6932 0
6932 0
6932 0
6932 0
6932 0
6932 0
6932 0
6932 0
6932 0
6932 0
6932 0
6932 0
6932 0
6932 0
6932 0
6932 0
6932 0
6932 0
6932 0
6932 0
6932 0
6932 0
6932 0
6932 0
6932 0
6932 0
6932 0
6932 0
6932 0
6932 0
6932 0
6932 0
6932 0
6932 0
6932 0
6932 0
6932 0
6932 0
6932 0
6932 0
6932 0
6932 0
6932 0
6932 0
6932 0
6932 0
6932 0
6932 0
6932 0
6932 0
6932 0
6932 0
6932 0
6932 0
6932 0
6932 0
6932 0
6932 0
6932 0
6932 0
6932 0
6932 -4
6932 -4
6932 3
6932 4
6932 8
6932 12
6932 8
6932 4
6932 4
6932 0
6932 0
6932 9
6932 0
6932 -8
6932 -4
6932 3
6932 4
6932 12
6932 16
6932 12
6932 20
6932 16
6932 1
6932 3
6932 0
6932 12
6932 12
6932 16
6932 20
6932 16
6932 8
6932 8
6932 12
6932 16
6932 16
6932 20
6932 12
6932 12
6932 16
6932 16
6932 20
6932 16
6932 16
6932 20
6932 16
6932 20
6932 20
6932 16
6932 20
6932 24
6932 20
6932 20
6932 24
6932 20
6932 24
6932 24
6932 20
6932 24
6932 24
6932 24
6932 28
6932 24
6932 24
6932 28
6932 28
6932 24
6932 28
6932 28
6932 24
6932 32
6932 28
6932 28
6932 32
6932 32
6932 28
6932 32
6932 32
6932 32
6932 32
6932 32
6932 32
6932 36
6932 32
6932 36
6932 32
6932 36
6932 36
6932 40
6932 36
6932 32
6932 36
6932 36
6932 40
6932 40
6932 40
6932 40
6932 36
6932 40
6932 40
6932 44
6932 40
6932 40
6932 40
6932 40
6932 44
6932 48
6932 44
6932 44
6932 44
6932 44
6932 48
6932 48
6932 44
6932 44
6932 48
6932 48
6932 52
6932 52
6932 48
6932 48
6932 48
6932 52
6932 52
6932 48
6932 52
6932 48
6932 56
6932 48
6932 52
6932 56
6932 56
6932 56
6932 56
6932 52
6932 56
6932 60
6932 56
6932 56
6932 56
6932 60
6932 60
6932 56
6932 60
6932 60
6932 56
6932 60
6932 60
6932 60
6932 64
6932 64
6932 64
6932 64
6932 64
6932 64
6932 64
6932 64
6932 68
6932 64
6932 64
6932 68
6932 68
6932 68
6932 68
6932 68
6932 72
6932 68
6932 68
6932 72
6932 72
6932 68
6932 76
6932 72
6932 72
6932 76
6932 76
6932 76
6932 72
6932 76
6932 76
6932 76
6932 76
6932 76
6932 76
6932 80
6932 80
6932 80
6932 80
6932 80
6932 84
6932 80
6932 76
6932 80
6932 80
6932 84
6932 84
6932 84
6932 88
6932 84
6932 88
6932 88
6932 88
6932 84
6932 84
6932 88
6932 88
6932 88
6932 92
6932 92
6932 96
6932 92
6932 92
6932 92
6932 92
6932 92
6932 88
6932 88
6932 92
6932 92
6932 96
6932 100
7332 100
7332 104
7332 100
7332 104
7332 108
7332 100
7332 104
7332 100
7332 96
7332 100
7332 100
7332 100
7332 104
7332 100
7332 108
7332 100
7332 108
7332 100
7332 100
7332 104
7332 96
7332 100
7332 100
7332 100
7332 104
7332 100
7332 100
7332 104
7332 100
7332 104
7332 104
7332 104
7332 104
7332 100
7332 100
7332 100
7332 92
7332 104
7332 96
7332 104
7332 104
7332 100
7332 108
7332 104
7332 104
7332 104
7332 96
7332 100
7332 96
7332 96
7332 100
7332 100
7332 104
7332 100
7332 104
7332 104
7332 100
7332 104
7332 96
7332 96
7332 96
7332 96
7332 96
7332 100
7332 96
7332 100
7332 100
7332 100
7332 108
7332 104
7332 104
7332 104
7332 108
7332 100
7332 92
7332 100
7332 100
7332 96
7332 104
7332 100
7332 108
7332 104
7332 104
7332 104
7332 104
7332 108
7332 104
7332 100
7332 100
7332 96
7332 96
7332 96
7332 96
7332 100
7332 104
7332 104
7332 104
7332 104
7332 108
7332 100
7332 100
7332 100
7332 92
7332 96
7332 100
7332 96
7332 104
7332 104
7332 104
7332 104
7332 100
7332 104
7332 96
7332 96
7332 100
7332 96
7332 100
7332 100
7332 104
7332 104
7332 108
7332 104
7332 104
7332 104
7332 100
7332 96
7332 100
7332 100
7332 96
7332 104
7332 104
7332 104
7332 104
7332 108
7332 104
7332 96
7332 100
7332 100
7332 92
7332 104
7332 100
7332 100
7332 108
7332 104
7332 108
7332 104
7332 104
7332 100
7332 96
7332 100
7332 96
7332 96
7332 104
7332 100
7332 104
7332 104
7332 108
7332 100
7332 100
7332 100
7332 92
7332 96
7332 100
7332 96
7332 104
7332 100
7332 104
7332 104
7332 104
7332 104
7332 100
7332 100
7332 96
7332 96
7332 96
7332 100
7332 96
7332 104
7332 100
7332 104
7332 104
7332 100
7332 104
7332 96
7332 92
7332 100
7332 96
7332 100
7332 100
7332 100
7332 104
7332 108
7332 104
7332 104
7332 100
7332 100
7332 92
7332 100
7332 96
7332 96
7332 104
7332 100
7332 108
7332 104
7332 104
7332 104
7332 92
7332 100
7332 96
7332 96
7332 100
7332 96
7332 104
7332 104
7332 104
7332 104
7332 104
7332 104
7332 100
7332 96
7332 100
7332 96
7332 96
7332 100
7332 100
7332 104
7332 104
7332 104
7332 104
7332 100
7332 100
7332 96
7332 96
7332 96
7332 100
7332 96
7332 104
7332 104
7332 104
7332 104
7332 104
7332 104
7332 96
7332 100
7332 96
7332 96
7332 100
7332 96
7332 100
7332 104
7332 104
7332 104
7332 100
7332 104
7332 96
7332 92
7332 100
7332 96
7332 96
7332 96
7332 96
7332 92
7332 100
7332 96
7332 100
7332 104
7332 100
7332 104
7332 104
7332 104
7332 96
7332 92
7332 100
7332 96
7332 92
7332 100
7332 96
7332 100
7332 104
7332 104
7332 104
7332 96
7332 104
7332 104
7332 100
7332 100
7332 100
7332 92
7332 96
7332 96
7332 92
7332 100
7332 100
7332 100
7332 104
7332 104
7332 100
7332 100
7332 100
7332 96
7332 92
7332 96
7332 100
7332 92
7332 100
7332 100
7332 100
7332 104
7332 100
7332 104
7332 96
7332 92
7332 96
7332 92
7332 96
7332 100
7332 100
7332 104
7332 100
7332 104
7332 100
7332 104
7332 96
7332 96
7332 96
7332 96
7332 92
7332 100
7332 104
7332 100
7332 104
7332 100
7332 104
7332 100
7332 96
7332 100
7332 92
7332 96
7332 96
7332 100
7332 100
7332 104
7332 104
7332 104
7332 104
7332 100
7332 100
7332 96
7332 96
7332 96
7332 96
7332 100
7332 96
7332 104
7332 104
7332 104
7332 104
7332 100
7332 100
7332 96
7332 92
7332 100
7332 92
7332 100
7332 104
7332 100
7332 104
7332 104
7332 104
7332 104
7332 96
7332 100
7332 96
7332 96
7332 96
7332 96
7332 104
7332 100
7332 104
7332 104
7332 104
7332 104
7332 96
7332 96
7332 96
7332 96
7332 96
7332 100
7332 100
7332 104
7332 100
7332 104
7332 104
7332 100
7332 100
7332 96
7332 100
7332 96
7332 96
7332 96
7332 100
7332 100
7332 104
7332 100
7332 104
7332 100
7332 96
7332 100
7332 92
7332 96
7332 100
7332 92
7332 100
7332 104
7332 96
7332 104
7332 100
7332 104
7332 96
7332 96
7332 100
7332 92
7332 92
7332 100
7332 92
7332 104
7332 96
7332 104
7332 100
7332 96
7332 100
7332 96
7332 92
7332 96
7332 96
7332 92
7332 100
7332 96
7332 100
7332 100
7332 100
7332 100
7332 96
7332 100
7332 92
7332 92
7332 96
7332 96
7332 92
7332 96
7332 100
7332 96
7332 100
7332 96
7332 100
7332 96
7332 92
7332 96
7332 92
7332 92
7332 100
7332 92
7332 96
7332 100
7332 92
7332 100
7332 100
7332 96
7332 96
7332 92
7332 96
7332 96
7332 88
7332 96
7332 92
7332 96
7332 100
7332 92
7332 100
7332 96
7332 96
7332 96
7332 88
7332 92
7332 96
7332 92
7332 92
7332 96
7332 96
7332 96
7332 96
7332 96
7332 96
7332 92
7332 96
7332 92
7332 92
7332 92
7332 92
7332 92
7332 92
7332 96
7332 92
7332 100
7332 92
7332 96
7332 92
7332 92
7332 88
7332 96
7332 88
7332 92
7332 96
7332 88
7332 100
7332 92
7332 96
7332 92
7332 92
7332 96
7332 92
7332 88
7332 92
7332 92
7332 88
7332 92
7332 92
7332 92
7332 96
7332 92
7332 96
7332 92
7332 88
7332 92
7332 92
7332 84
7332 96
7332 88
7332 88
7332 96
7332 92
7332 92
7332 96
7332 88
7332 96
7332 92
7332 84
7332 92
7332 92
7332 84
7332 92
7332 88
7332 88
7332 92
7332 92
7332 88
7332 92
7332 92
7332 88
7332 88
7332 88
7332 84
7332 92
7332 84
7332 88
7332 92
7332 84
7332 92
7332 92
7332 84
7332 88
7332 88
7332 84
7332 88
7332 88
7332 84
7332 84
7332 88
7332 80
7332 88
7332 88
7332 84
7332 88
7332 88
7332 80
7332 88
7332 88
7332 80
7332 84
7332 88
7332 76
7332 84
7332 88
7332 80
7332 84
7332 88
7332 84
7332 84
7332 88
7332 80
7332 84
7332 84
7332 80
7332 84
7332 84
7332 80
7332 80
7332 84
7332 84
7332 80
7332 84
7332 84
7332 84
7332 84
7332 80
7332 80
7332 84
7332 80
7332 80
7332 80
7332 84
7332 80
7332 76
7332 88
7332 80
7332 80
7332 88
7332 80
7332 76
7332 84
7332 80
7332 76
7332 80
7332 84
7332 76
7332 80
7332 84
7332 76
7332 76
7332 84
7332 80
7332 76
7332 84
7332 80
7332 76
7332 84
7332 76
7332 76
7332 80
7332 80
7332 72
7332 80
7332 84
7332 76
7332 76
7332 84
7332 76
7332 76
7332 84
7332 80
7332 72
7332 80
7332 80
7332 72
7332 76
7332 80
7332 76
7332 76
7332 80
7332 80
7332 76
7332 80
7332 80
7332 76
7332 76
7332 76
7332 76
7332 72
7332 80
7332 76
7332 72
7332 80
7332 76
7332 76
7332 76
7332 80
7332 76
7332 72
7332 76
7332 80
7332 72
7332 76
7332 76
7332 76
7332 72
7332 76
7332 76
7332 68
7332 72
7332 80
7332 72
7332 72
7332 80
7332 76
7332 72
7332 72
7332 76
7332 72
7332 72
7332 72
7332 76
7332 64
7332 72
7332 76
7332 72
7332 68
7332 76
7332 76
7332 68
7332 68
7332 76
7332 72
7332 68
7332 72
7332 68
7332 68
7332 68
7332 72
7332 72
7332 64
7332 72
7332 68
7332 68
7332 68
7332 68
7332 72
7332 68
7332 64
7332 72
7332 68
7332 64
7332 68
7332 68
7332 64
7332 64
7332 68
7332 64
7332 64
7332 64
7332 64
7332 68
7332 68
7332 64
7332 64
7332 64
7332 68
7332 60
7332 64
7332 64
7332 64
7332 60
7332 64
7332 64
7332 60
7332 64
7332 60
7332 60
7332 64
7332 60
7332 60
7332 60
7332 64
7332 60
7332 60
7332 60
7332 64
7332 60
7332 56
7332 60
7332 56
7332 60
7332 56
7332 56
7332 60
7332 60
7332 56
7332 52
7332 60
7332 56
7332 56
7332 56
7332 56
7332 56
7332 56
7332 52
7332 56
7332 52
7332 56
7332 56
7332 52
7332 52
7332 52
7332 52
7332 52
7332 52
7332 48
7332 52
7332 52
7332 52
7332 52
7332 48
7332 48
7332 52
7332 48
7332 48
7332 48
7332 44
7332 52
7332 48
7332 48
7332 44
7332 44
7332 48
7332 44
7332 44
7332 44
7332 44
7332 40
7332 44
7332 44
7332 40
7332 44
7332 36
7332 44
7332 36
7332 40
7332 40
7332 36
7332 40
7332 36
7332 36
7332 36
7332 36
7332 36
7332 32
7332 40
7332 28
7332 32
7332 36
7332 32
7332 32
7332 32
7332 28
7332 28
7332 28
7332 28
7332 24
7332 32
7332 24
7332 24
7332 24
7332 24
7332 24
7332 20
7332 24
7332 20
7332 20
7332 16
7332 24
7332 16
7332 16
7332 20
7332 12
7332 12
7332 16
7332 16
7332 8
7332 12
7332 16
7332 8
7332 8
7332 8
7332 8
7332 8
7332 4
7332 4
7332 8
7332 1
7332 -4
7332 15
7332 28
7332 5
7332 0
7332 0
7332 0
6932 0
6932 0
6932 0
6932 0
6932 0
6932 0
6932 0
6932 0
6932 0
6932 0
6932 0
6932 0
6932 0
6932 0
6932 0
6932 0
6932 0
6932 0
6932 0
6932 0
6932 0
6932 0
6932 0
6932 0
6932 0
6932 0
6932 0
6932 0
6932 0
6932 0
6932 0
6932 0
6932 0
6932 0
6932 0
6932 0
6932 0
6932 0
6932 0
6932 0
6932 0
6932 0
6932 0
6932 0
6932 0
6932 0
6932 0
6932 0
6932 0
6932 0
6932 0
6932 0
6932 0
6932 0
6932 0
6932 0
6932 0
6932 0
6932 0
6932 0
6932 0
6932 0
6932 0
6932 0
6932 0
6932 0
6932 0
6932 0
6932 0
6932 0
6932 0
6932 0
6932 0
6932 0
6932 0
6932 0
6932 0
6932 0
6932 0
6932 0
6932 0
6932 0
6932 0
6932 0
6932 0
6932 0
6932 0
6932 0
6932 0
6932 0
6932 0
6932 0
6932 0
6932 0
6932 0
6932 0
6932 0
6932 0
6932 0
6932 0
6932 0
6932 0
6932 0
6932 0
6932 0
6932 0
6932 0
6932 0
6932 0
6932 0
6932 0
6932 0
6932 0
6932 0
6932 0
6932 0
6932 0
6932 0
6932 0
6932 0
6932 0
6932 0
6932 0
6932 0
6932 0
6932 0
6932 0
6932 0
6932 0
6932 0
6932 0
6932 0
6932 0
6932 0
6932 0
6932 0
6932 0
6932 0
6932 0
6932 0
6932 0
6932 0
6932 0
6932 0
6932 0
6932 0
6932 0
6932 0
6932 0
6932 0
6932 0
6932 0
6932 0
6932 0
6932 0
6932 0
6932 0
6932 0
6932 0
6932 0
6932 0
6932 0
6932 0
6932 0
6932 0
6932 0
6932 0
6932 0
6932 0
6932 0
6932 0
6932 0
6932 0
6932 0
6932 0
6932 0
6932 0
6932 0
6932 0
6932 0
6932 0
6932 0
6932 0
6932 0
6932 0
6932 0
6932 0
6932 0
6932 0
6932 0
6932 0
6932 0
6932 0
6932 0
6932 0
6932 0
6932 0
6932 0
6932 0
6932 0
6932 0
6932 0
6932 0
6932 0
6932 0
6932 0
6932 0
6932 0
6932 0
6932 0
6932 0
6932 0
6932 0
6932 0
6932 0
6932 0
6932 0
6932 0
6932 0
6932 0
6932 0
6932 0
6932 0
6932 0
6932 0
6932 0
6932 0
6932 0
6932 0
6932 0
6932 0
6932 0
6932 0
6932 0
6932 0
6932 0
6932 0
6932 0
6932 0
6932 0
6932 0
6932 0
6932 0
6932 0
6932 0
6932 0
6932 0
6932 0
6932 0
6932 0
6932 0
6932 0
6932 0
6932 0
6932 0
6932 0
6932 0
6932 0
6932 0
6932 0
6932 0
6932 0
6932 0
6932 0
6932 0
6932 0
6932 0
6932 0
6932 0
6932 0
6932 0
6932 0
6932 0
6932 0
6932 0
6932 0
6932 0
6932 0
6932 0
6932 0
6932 0
6932 0
6932 0
6932 0
6932 0
6932 0
6932 0
6932 0
6932 0
6932 0
6932 0
6932 0
6932 0
6932 0
6932 0
6932 0
6932 0
6932 0
6932 0
6932 0
6932 0
6932 0
6932 0
6932 0
6932 0
6932 0
6932 0
6932 0
6932 0
6932 0
6932 0
6932 0
6932 0
6932 0
6932 0
6932 0
6932 0
6932 0
6932 0
6932 0
6932 0
6932 0
6932 0
6932 0
6932 0
6932 0
6932 0
6932 0
6932 0
6932 0
6932 0
6932 0
6932 0
6932 0
6932 0
6932 0
6932 0
6932 0
6932 0
6932 0
6932 0
6932 0
6932 0
6932 0
6932 0
6932 0
6932 0
6932 0
6932 0
6932 0
6932 0
6932 0
6932 0
6932 0
6932 0
6932 0
6932 0
6932 0
6932 0
6932 0
6932 0
6932 0
6932 0
6932 0
6932 0
6932 0
6932 0
6932 0
6932 0
6932 0
6932 0
6932 0
6932 0
6932 0
6932 0
6932 0
6932 0
6932 0
6932 0
6932 0
6932 0
6932 0
6932 0
6932 0
6932 0
6932 0
6932 0
6932 0
6932 0
6932 0
6932 0
6932 0
6932 0
6932 0
6932 0
6932 0
6932 0
6932 0
6932 0
6932 0
6932 0
6932 0
6932 0
6932 0
6932 0
6932 0
6932 0
6932 0
6932 0
6932 0
6932 0
6932 0
6932 0
6932 0
6932 0
6932 0
6932 0
6932 0
6932 0
6932 0
6932 0
6932 0
6932 0
6932 0
6932 0
6932 0
6932 0
6932 0
6932 0
6932 0
6932 0
6932 0
6932 0
6932 0
6932 0
6932 0
6932 0
6932 0
6932 0
6932 0
6932 0
6932 0
6932 0
6932 0
6932 0
6932 0
6932 0
6932 0
6932 0
6932 0
6932 0
6932 0
6932 0
6932 0
6932 0
6932 0
6932 0
6932 0
6932 0
6932 0
6932 0
6932 0
6932 0
6932 0
6932 0
6932 0
6932 0
6932 0
6932 0
6932 0
6932 0
6932 0
6932 0
6932 0
6932 0
6932 0
6932 0
6932 0
6932 0
6932 0
6932 0
6932 0
6932 0
6932 0
6932 0
6932 0
6932 0
6932 0
6932 0
6932 0
6932 0
6932 0
6932 0
6932 0
6932 0
6932 0
6932 0
6932 0
6932 0
6932 0
6932 0
6932 0
6932 0
6932 0
6932 0
6932 0
6932 0
6932 0
6932 0
6932 0
6932 0
6932 0
6932 0
6932 0
6932 0
6932 0
6932 0
6932 0
6932 0
6932 0
6932 0
6932 0
6932 0
6932 0
6932 0
6932 0
6932 0
6932 0
6932 0
6932 0
6932 0
6932 0
6932 0
6932 0
6932 0
6932 0
6932 0
6932 0
6932 0
6932 0
6932 0
6932 0
6932 0
6932 0
6932 0
6932 0
6932 0
6932 0
6932 0
6932 0
6932 0
6932 0
6932 0
6932 0
6932 0
6932 0
6932 0
6932 0
6932 0
6932 0
6932 0
6932 0
6932 0
6932 0
6932 0
6932 0
6932 0
6932 0
6932 0
6932 0
6932 0
6932 0
6932 0
6932 0
6932 0
6932 0
6932 0
6932 0
6932 0
6932 0
6932 0
6932 0
6932 0
6932 0
6932 0
6932 0
6932 0
6932 0
6932 0
6932 0
6932 0
6932 0
6932 0
6932 0
6932 0
6932 0
6932 0
6932 0
6932 0
6932 0
6932 0
6932 0
6932 0
6932 0
6932 0
6932 0
6932 0
6932 0
6932 0
6932 0
6932 0
6932 0
6932 0
6932 0
6932 0
6932 0
6932 0
6932 0
6932 0
6932 0
6932 0
6932 0
6932 0
6932 0
6932 0
6932 0
6932 0
6932 0
6932 0
6932 0
6932 0
6932 0
6932 0
6932 0
6932 0
6932 0
6932 0
6932 0
6932 0
6932 0
6932 0
6932 0
6932 0
6932 0
6932 0
6932 0
6932 0
6932 0
6932 0
6932 0
6932 0
6932 0
6932 0
6932 0
6932 0
6932 0
6932 0
6932 0
6932 0
6932 0
6932 0
6932 0
6932 0
6932 0
6932 0
6932 0
6932 0
6932 0
6932 0
6932 0
6932 0
6932 0
6932 0
6932 0
6932 0
6932 0
6932 0
6932 0
6932 0
6932 0
6932 0
6932 0
6932 0
6932 0
6932 0
6932 0
6932 0
6932 0
6932 0
6932 0
6932 0
6932 0
6932 0
6932 0
6932 0
6932 0
6932 0
6932 0
6932 0
6932 0
6932 0
6932 0
6932 0
6932 0
6932 0
6932 0
6932 0
6932 0
6932 0
6932 0
6932 0
6932 0
6932 0
6932 0
6932 0
6932 0
6932 0
6932 0
6932 0
6932 0
6932 0
6932 0
6932 0
6932 0
6932 0
6932 0
6932 0
6932 0
6932 0
6932 0
6932 0
6932 0
6932 0
6932 0
6932 0
6932 0
6932 0
6932 0
6932 0
6932 0
6932 0
6932 0
6932 0
6932 0
6932 0
6932 0
6932 0
6932 0
6932 0
6932 0
6932 0
6932 0
6932 0
6932 0
6932 0
6932 0
6932 0
6932 0
6932 0
6932 0
6932 0
6932 0
6932 0
6932 -4
6932 -4
6932 -4
6932 -1
6932 4
6932 8
6932 12
6932 8
6932 8
6932 0
6932 4
6932 0
6932 8
6932 -3
6932 -4
6932 3
6932 0
6932 8
6932 12
6932 8
6932 12
6932 16
6932 16
6932 4
6932 0
6932 0
6932 8
6932 12
6932 16
6932 12
6932 20
6932 16
6932 4
6932 8
6932 12
6932 16
6932 16
6932 16
6932 16
6932 8
6932 16
6932 16
6932 16
6932 20
6932 16
6932 16
6932 16
6932 16
6932 20
6932 16
6932 20
6932 20
6932 24
6932 16
6932 24
6932 20
6932 24
6932 20
6932 24
6932 20
6932 24
6932 20
6932 28
6932 24
6932 24
6932 28
6932 24
6932 28
6932 24
6932 28
6932 28
6932 24
6932 28
6932 32
6932 28
6932 28
6932 32
6932 32
6932 28
6932 32
6932 28
6932 32
6932 36
6932 32
6932 36
6932 28
6932 32
6932 36
6932 36
6932 36
6932 40
6932 36
6932 32
6932 36
6932 36
6932 40
6932 40
6932 44
6932 36
6932 36
6932 40
6932 40
6932 40
6932 44
6932 44
6932 48
6932 44
6932 28
6932 32
6932 28
6932 32
6932 36
6932 36
6932 40
6932 44
6932 44
6932 48
7232 48
7232 48
7232 48
7232 48
7232 44
7232 52
7232 48
7232 48
7232 44
7232 48
7232 48
7232 48
7232 48
7232 48
7232 44
7232 48
7232 48
7232 48
7232 48
7232 44
7232 48
7232 48
7232 52
7232 48
7232 44
7232 48
7232 48
7232 52
7232 48
7232 48
7232 48
7232 48
7232 48
7232 52
7232 48
7232 48
7232 48
7232 48
7232 48
7232 48
7232 48
7232 48
7232 48
7232 52
7232 48
7232 48
7232 48
7232 52
7232 48
7232 48
7232 52
7232 48
7232 48
7232 48
7232 52
7232 48
7232 48
7232 48
7232 52
7232 52
7232 48
7232 48
7232 48
7232 48
7232 48
7232 48
7232 52
7232 44
7232 52
7232 48
7232 52
7232 48
7232 48
7232 48
7232 52
7232 52
7232 48
7232 48
7232 48
7232 52
7232 52
7232 48
7232 48
7232 48
7232 48
7232 52
7232 48
7232 48
7232 48
7232 52
7232 48
7232 52
7232 48
7232 48
7232 48
7232 52
7232 52
7232 48
7232 44
7232 52
7232 48
7232 52
7232 48
7232 48
7232 48
7232 52
7232 52
7232 48
7232 48
7232 48
7232 48
7232 48
7232 48
7232 48
7232 48
7232 48
7232 48
7232 52
7232 44
7232 48
7232 48
7232 52
7232 48
7232 48
7232 44
7232 48
7232 52
7232 48
7232 48
7232 48
7232 48
7232 48
7232 48
7232 48
7232 44
7232 48
7232 48
7232 48
7232 48
7232 44
7232 48
7232 48
7232 44
7232 48
7232 48
7232 48
7232 44
7232 48
7232 48
7232 44
7232 48
7232 44
7232 48
7232 44
7232 48
7232 44
7232 48
7232 44
7232 44
7232 48
7232 44
7232 44
7232 44
7232 44
7232 44
7232 44
7232 44
7232 44
7232 44
7232 44
7232 44
7232 48
7232 44
7232 40
7232 44
7232 40
7232 44
7232 48
7232 44
7232 44
7232 40
7232 40
7232 44
7232 44
7232 44
7232 44
7232 36
7232 44
7232 40
7232 44
7232 44
7232 40
7232 40
7232 44
7232 40
7232 44
7232 40
7232 44
7232 40
7232 40
7232 40
7232 44
7232 40
7232 44
7232 40
7232 40
7232 40
7232 44
7232 40
7232 44
7232 36
7232 40
7232 44
7232 40
7232 40
7232 44
7232 40
7232 36
7232 40
7232 40
7232 40
7232 36
7232 40
7232 40
7232 36
7232 40
7232 44
7232 40
7232 40
7232 36
7232 40
7232 40
7232 36
7232 40
7232 40
7232 40
7232 36
7232 40
7232 40
7232 40
7232 44
7232 36
7232 40
7232 36
7232 40
7232 40
7232 36
7232 40
7232 36
7232 40
7232 36
7232 40
7232 40
7232 40
7232 36
7232 40
7232 36
7232 40
7232 36
7232 40
7232 40
7232 36
7232 40
7232 36
7232 40
7232 36
7232 40
7232 36
7232 40
7232 36
7232 36
7232 36
7232 36
7232 40
7232 36
7232 40
7232 36
7232 36
7232 36
7232 36
7232 40
7232 36
7232 36
7232 36
7232 36
7232 36
7232 36
7232 36
7232 36
7232 36
7232 36
7232 36
7232 36
7232 36
7232 40
7232 36
7232 36
7232 36
7232 32
7232 36
7232 36
7232 36
7232 36
7232 40
7232 36
7232 36
7232 32
7232 36
7232 36
7232 36
7232 36
7232 36
7232 32
7232 36
7232 36
7232 36
7232 36
7232 32
7232 36
7232 36
7232 36
7232 32
7232 36
7232 36
7232 36
7232 32
7232 36
7232 32
7232 36
7232 32
7232 36
7232 36
7232 36
7232 32
7232 32
7232 36
7232 32
7232 32
7232 36
7232 36
7232 32
7232 32
7232 32
7232 36
7232 32
7232 36
7232 36
7232 32
7232 32
7232 32
7232 32
7232 32
7232 32
7232 36
7232 32
7232 32
7232 36
7232 32
7232 32
7232 32
7232 32
7232 36
7232 32
7232 32
7232 32
7232 32
7232 32
7232 36
7232 32
7232 32
7232 36
7232 32
7232 32
7232 32
7232 32
7232 36
7232 32
7232 36
7232 32
7232 32
7232 32
7232 32
7232 32
7232 32
7232 32
7232 32
7232 32
7232 36
7232 32
7232 32
7232 32
7232 32
7232 32
7232 32
7232 32
7232 32
7232 32
7232 32
7232 32
7232 32
7232 32
7232 36
7232 28
7232 32
7232 32
7232 32
7232 32
7232 32
7232 32
7232 32
7232 32
7232 32
7232 32
7232 32
7232 28
7232 32
7232 32
7232 32
7232 32
7232 32
7232 32
7232 28
7232 32
7232 32
7232 28
7232 32
7232 32
7232 28
7232 32
7232 32
7232 32
7232 32
7232 28
7232 32
7232 32
7232 32
7232 28
7232 32
7232 28
7232 32
7232 32
7232 28
7232 36
7232 28
7232 32
7232 32
7232 28
7232 32
7232 32
7232 32
7232 32
7232 28
7232 32
7232 32
7232 28
7232 32
7232 32
7232 28
7232 32
7232 32
7232 28
7232 32
7232 28
7232 32
7232 32
7232 28
7232 32
7232 36
7232 28
7232 32
7232 28
7232 28
7232 32
7232 32
7232 28
7232 36
7232 28
7232 32
7232 32
7232 28
7232 28
7232 32
7232 28
7232 32
7232 32
7232 28
7232 32
7232 28
7232 28
7232 32
7232 28
7232 28
7232 32
7232 28
7232 32
7232 32
7232 24
7232 28
7232 32
7232 28
7232 32
7232 32
7232 24
7232 32
7232 28
7232 24
7232 32
7232 28
7232 28
7232 32
7232 28
7232 28
7232 28
7232 32
7232 24
7232 32
7232 28
7232 28
7232 28
7232 32
7232 24
7232 32
7232 28
7232 28
7232 28
7232 32
7232 28
7232 28
7232 32
7232 28
7232 28
7232 28
7232 28
7232 32
7232 28
7232 28
7232 32
7232 28
7232 28
7232 28
7232 28
7232 28
7232 32
7232 28
7232 28
7232 32
7232 28
7232 28
7232 32
7232 28
7232 28
7232 32
7232 24
7232 32
7232 32
7232 24
7232 28
7232 32
7232 28
7232 28
7232 32
7232 24
7232 28
7232 32
7232 28
7232 28
7232 28
7232 28
7232 28
7232 28
7232 28
7232 28
7232 32
7232 24
7232 28
7232 32
7232 24
7232 28
7232 28
7232 28
7232 28
7232 28
7232 28
7232 28
7232 28
7232 28
7232 24
7232 28
7232 28
7232 28
7232 24
7232 32
7232 24
7232 28
7232 28
7232 24
7232 28
7232 28
7232 28
7232 24
7232 32
7232 24
7232 28
7232 28
7232 24
7232 28
7232 28
7232 28
7232 28
7232 28
7232 28
7232 28
7232 28
7232 28
7232 24
7232 28
7232 28
7232 28
7232 28
7232 28
7232 28
7232 28
7232 28
7232 24
7232 28
7232 28
7232 24
7232 28
7232 32
7232 24
7232 28
7232 32
7232 24
7232 28
7232 28
7232 28
7232 28
7232 28
7232 28
7232 24
7232 32
7232 24
7232 28
7232 28
7232 28
7232 24
7232 28
7232 32
7232 24
7232 28
7232 28
7232 24
7232 28
7232 28
7232 24
7232 28
7232 28
7232 24
7232 28
7232 24
7232 28
7232 24
7232 28
7232 24
7232 28
7232 24
7232 28
7232 28
7232 24
7232 24
7232 28
7232 24
7232 24
7232 28
7232 24
7232 24
7232 28
7232 24
7232 24
7232 24
7232 28
7232 24
7232 24
7232 24
7232 28
7232 24
7232 24
7232 28
7232 24
7232 20
7232 28
7232 20
7232 24
7232 28
7232 24
7232 28
7232 24
7232 28
7232 24
7232 24
7232 28
7232 24
7232 24
7232 24
7232 24
7232 28
7232 24
7232 24
7232 28
7232 20
7232 24
7232 24
7232 24
7232 20
7232 28
7232 24
7232 24
7232 24
7232 28
7232 24
7232 20
7232 28
7232 24
7232 24
7232 24
7232 24
7232 28
7232 24
7232 24
7232 28
7232 20
7232 28
7232 20
7232 24
7232 24
7232 28
7232 24
7232 24
7232 24
7232 24
7232 24
7232 24
7232 24
7232 24
7232 24
7232 20
7232 28
7232 24
7232 20
7232 28
7232 20
7232 24
7232 24
7232 24
7232 20
7232 24
7232 24
7232 24
7232 24
7232 24
7232 24
7232 24
7232 20
7232 24
7232 24
7232 20
7232 24
7232 24
7232 24
7232 20
7232 24
7232 24
7232 20
7232 24
7232 20
7232 24
7232 20
7232 24
7232 20
7232 24
7232 24
7232 24
7232 20
7232 24
7232 20
7232 20
7232 24
7232 24
7232 20
7232 20
7232 24
7232 20
7232 24
7232 20
7232 20
7232 24
7232 24
7232 20
7232 20
7232 24
7232 24
7232 20
7232 24
7232 20
7232 24
7232 20
7232 24
7232 20
7232 20
7232 20
7232 20
7232 24
7232 20
7232 16
7232 24
7232 20
7232 20
7232 24
7232 20
7232 20
7232 24
7232 16
7232 24
7232 20
7232 20
7232 20
7232 20
7232 20
7232 20
7232 20
7232 20
7232 24
7232 20
7232 20
7232 20
7232 24
7232 16
7232 20
7232 20
7232 20
7232 20
7232 20
7232 20
7232 20
7232 20
7232 16
7232 20
7232 20
7232 24
7232 12
7232 20
7232 16
7232 20
7232 20
7232 16
7232 20
7232 16
7232 20
7232 20
7232 16
7232 16
7232 16
7232 24
7232 16
7232 12
7232 16
7232 16
7232 20
7232 16
7232 16
7232 16
7232 16
7232 16
7232 20
7232 16
7232 16
7232 12
7232 16
7232 20
7232 12
7232 16
7232 12
7232 16
7232 16
7232 16
7232 12
7232 12
7232 20
7232 8
7232 16
7232 16
7232 12
7232 16
7232 12
7232 12
7232 12
7232 20
7232 12
7232 4
7232 16
7232 12
7232 8
7232 12
7232 20
7232 8
7232 4
7232 12
7232 20
7232 8
7232 4
7232 12
7232 16
7232 12
7232 8
7232 4
7232 16
7232 16
7232 4
7232 4
7232 8
7232 16
7232 12
7232 4
7232 8
7232 4
7232 12
7232 12
7232 4
7232 8
7232 4
7232 4
7232 12
7232 8
7232 8
7232 8
7232 4
7232 0
7232 8
7232 12
7232 8
7232 0
7232 4
7232 4
7232 8
7232 4
7232 4
7232 8
7232 8
7232 4
7232 4
7232 4
7232 0
7232 0
7232 8
7232 4
7232 0
7232 4
7232 8
7232 8
7232 4
7232 0
7232 4
7232 0
7232 4
7232 0
7232 4
7232 4
7232 0
7232 4
7232 8
7232 4
7232 8
7232 4
7232 0
7232 0
7232 4
7232 4
7232 0
7232 4
7232 4
7232 4
7232 4
7232 8
7232 4
7232 4
7232 0
7232 4
7232 4
7232 0
7232 4
7232 4
7232 0
7232 4
7232 16
7232 12
7232 8
7232 0
7232 0
7232 0
7232 0
6932 0
6932 0
6932 0
6932 0
6932 0
6932 0
6932 0
6932 0
6932 0
6932 0
6932 0
6932 0
6932 0
6932 0
6932 0
6932 0
6932 0
6932 0
6932 0
6932 0
6932 0
6932 0
6932 0
6932 0
6932 0
6932 0
6932 0
6932 0
6932 0
6932 0
6932 0
6932 0
6932 0
6932 0
6932 0
6932 0
6932 0
6932 0
6932 0
6932 0
6932 0
6932 0
6932 0
6932 0
6932 0
6932 0
6932 0
6932 0
6932 0
6932 0
6932 0
6932 0
6932 0
6932 0
6932 0
6932 0
6932 0
6932 0
6932 0
6932 0
6932 0
6932 0
6932 0
6932 0
6932 0
6932 0
6932 0
6932 0
6932 0
6932 0
6932 0
6932 0
6932 0
6932 0
6932 0
6932 0
6932 0
6932 0
6932 0
6932 0
6932 0
6932 0
6932 0
6932 0
6932 0
6932 0
6932 0
6932 0
6932 0
6932 0
6932 0
6932 0
6932 0
6932 0
6932 0
6932 0
6932 0
6932 0
6932 0
6932 0
6932 0
6932 0
6932 0
6932 0
6932 0
6932 0
6932 0
6932 0
6932 0
6932 0
6932 0
6932 0
6932 0
6932 0
6932 0
6932 0
6932 0
6932 0
6932 0
6932 0
6932 0
6932 0
6932 0
6932 0
6932 0
6932 0
6932 0
6932 0
6932 0
6932 0
6932 0
6932 0
6932 0
6932 0
6932 0
6932 0
6932 0
6932 0
6932 0
6932 0
6932 0
6932 0
6932 0
6932 0
6932 0
6932 0
6932 0
6932 0
6932 0
6932 0
6932 0
6932 0
6932 0
6932 0
6932 0
6932 0
6932 0
6932 0
6932 0
6932 0
6932 0
6932 0
6932 0
6932 0
6932 0
6932 0
6932 0
6932 0
6932 0
6932 0
6932 0
6932 0
6932 0
6932 0
6932 0
6932 0
6932 0
6932 0
6932 0
6932 0
6932 0
6932 0
6932 0
6932 0
6932 0
6932 0
6932 0
6932 0
6932 0
6932 0
6932 0
6932 0
6932 0
6932 0
6932 0
6932 0
6932 0
6932 0
6932 0
6932 0
6932 0
6932 0
6932 0
6932 0
6932 0
6932 0
6932 0
6932 0
6932 0
6932 0
6932 0
6932 0
6932 0
6932 0
6932 0
6932 0
6932 0
6932 0
6932 0
6932 0
6932 0
6932 0
6932 0
6932 0
6932 0
6932 0
6932 0
6932 0
6932 0
6932 0
6932 0
6932 0
6932 0
6932 0
6932 0
6932 0
6932 0
6932 0
6932 0
6932 0
6932 0
6932 0
6932 0
6932 0
6932 0
6932 0
6932 0
6932 0
6932 0
6932 0
6932 0
6932 0
6932 0
6932 0
6932 0
6932 0
6932 0
6932 0
6932 0
6932 0
6932 0
6932 0
6932 0
6932 0
6932 0
6932 0
6932 0
6932 0
6932 0
6932 0
6932 0
6932 0
6932 0
6932 0
6932 0
6932 0
6932 0
6932 0
6932 0
6932 0
6932 0
6932 0
6932 0
6932 0
6932 0
6932 0
6932 0
6932 0
6932 0
6932 0
6932 0
6932 0
6932 0
6932 0
6932 0
6932 0
6932 0
6932 0
6932 0
6932 0
6932 0
6932 0
6932 0
6932 0
6932 0
6932 0
6932 0
6932 0
6932 0
6932 0
6932 0
6932 0
6932 0
6932 0
6932 0
6932 0
6932 0
6932 0
6932 0
6932 0
6932 0
6932 0
6932 0
6932 0
6932 0
6932 0
6932 0
6932 0
6932 0
6932 0
6932 0
6932 0
6932 0
6932 0
6932 0
6932 0
6932 0
6932 0
6932 0
6932 0
6932 0
6932 0
6932 0
6932 0
6932 0
6932 0
6932 0
6932 0
6932 0
6932 0
6932 0
6932 0
6932 0
6932 0
6932 0
6932 0
6932 0
6932 0
6932 0
6932 0
6932 0
6932 0
6932 0
6932 0
6932 0
6932 0
6932 0
6932 0
6932 0
6932 0
6932 0
6932 0
6932 0
6932 0
6932 0
6932 0
6932 0
6932 0
6932 0
6932 0
6932 0
6932 0
6932 0
6932 0
6932 0
6932 0
6932 0
6932 0
6932 0
6932 0
6932 0
6932 0
6932 0
6932 0
6932 0
6932 0
6932 0
6932 0
6932 0
6932 0
6932 0
6932 0
6932 0
6932 0
6932 0
6932 0
6932 0
6932 0
6932 0
6932 0
6932 0
6932 0
6932 0
6932 0
6932 0
6932 0
6932 0
6932 0
6932 0
6932 0
6932 0
6932 0
6932 0
6932 0
6932 0
6932 0
6932 0
6932 0
6932 0
6932 0
6932 0
6932 0
6932 0
6932 0
6932 0
6932 0
6932 0
6932 0
6932 0
6932 0
6932 0
6932 0
6932 0
6932 0
6932 0
6932 0
6932 0
6932 0
6932 0
6932 0
6932 0
6932 0
6932 0
6932 0
6932 0
6932 0
6932 0
6932 0
6932 0
6932 0
6932 0
6932 0
6932 0
6932 0
6932 0
6932 0
6932 0
6932 0
6932 0
6932 0
6932 0
6932 0
6932 0
6932 0
6932 0
6932 0
6932 0
6932 0
6932 0
6932 0
6932 0
6932 0
6932 0
6932 0
6932 0
6932 0
6932 0
6932 0
6932 0
6932 0
6932 0
6932 0
6932 0
6932 0
6932 0
6932 0
6932 0
6932 0
6932 0
6932 0
6932 0
6932 0
6932 0
6932 0
6932 0
6932 0
6932 0
6932 0
6932 0
6932 0
6932 0
6932 0
6932 0
6932 0
6932 0
6932 0
6932 0
6932 0
6932 0
6932 0
6932 0
6932 0
6932 0
6932 0
6932 0
6932 0
6932 0
6932 0
6932 0
6932 0
6932 0
6932 0
6932 0
6932 0
6932 0
6932 0
6932 0
6932 0
6932 0
6932 0
6932 0
6932 0
6932 0
6932 0
6932 0
6932 0
6932 0
6932 0
6932 0
6932 0
6932 0
6932 0
6932 0
6932 0
6932 0
6932 0
6932 0
6932 0
6932 0
6932 0
6932 0
6932 0
6932 0
6932 0
6932 0
6932 0
6932 0
6932 0
6932 0
6932 0
6932 0
6932 0
6932 0
6932 0
6932 0
6932 0
6932 0
6932 0
6932 0
6932 0
6932 0
6932 0
6932 0
6932 0
6932 0
6932 0
6932 0
6932 0
6932 0
6932 0
6932 0
6932 0
6932 0
6932 0
6932 0
6932 0
6932 0
6932 0
6932 0
6932 0
6932 0
6932 0
6932 0
6932 0
6932 0
6932 0
6932 0
6932 0
6932 0
6932 0
6932 0
6932 0
6932 0
6932 0
6932 0
6932 0
6932 0
6932 0
6932 0
6932 0
6932 0
6932 0
6932 0
6932 0
6932 0
6932 0
6932 0
6932 0
6932 0
6932 0
6932 0
6932 0
6932 0
6932 0
6932 0
6932 0
6932 0
6932 0
6932 0
6932 0
6932 0
6932 0
6932 0
6932 0
6932 0
6932 0
6932 0
6932 0
6932 0
6932 0
6932 0
6932 0
6932 0
6932 0
6932 0
6932 0
6932 0
6932 0
6932 0
6932 0
6932 0
6932 0
6932 0
6932 0
6932 0
6932 0
6932 0
6932 0
6932 0
6932 0
6932 0
6932 0
6932 0
6932 0
6932 0
6932 0
6932 0
6932 0
6932 0
6932 0
6932 0
6932 0
6932 0
6932 0
6932 0
6932 0
6932 0
6932 0
6932 0
6932 0
6932 0
6932 0
6932 0
6932 0
6932 0
6932 0
6932 0
6932 0
6932 0
6932 0
6932 0
6932 0
6932 0
6932 0
6932 0
6932 0
6932 0
6932 0
6932 0
6932 0
6932 0
6932 0
6932 0
6932 0
6932 0
6932 0
6932 0
6932 0
6932 0
6932 0
6932 0
6932 0
6932 0
6932 0
6932 0
6932 0
6932 0
6932 0
6932 0
6932 0
6932 0
6932 0
6932 0
6932 0
6932 0
6932 0
6932 0
6932 0
6932 0
6932 0
6932 0
6932 0
6932 0
6932 0
6932 0
6932 0
6932 0
6932 0
6932 0
6932 0
6932 0
6932 0
6932 0
6932 0
6932 0
6932 0
6932 0
6932 0
6932 0
6932 0
6932 0
6932 0
6932 0
6932 0
6932 0
6932 0
6932 0
6932 0
6932 0
6932 0
6932 0
6932 0
6932 0
6932 0
6932 0
6932 0
6932 0
6932 0
6932 0
6932 0
6932 0
6932 0
6932 0
6932 0
6932 0
6932 0
6932 0
6932 0
6932 0
6932 0
6932 0
6932 0
6932 0
6932 0
6932 0
6932 0
6932 0
6932 0
6932 0
6932 0
6932 0
6932 0
6932 0
6932 0
6932 0
6932 0
6932 0
6932 0
6932 0
6932 0
6932 0
6932 0
6932 0
6932 0
6932 0
6932 0
6932 0
6932 0
6932 0
6932 0
6932 0
6932 0
6932 0
6932 0
6932 0
6932 0
6932 0
6932 0
6932 0
6932 0
6932 0
6932 0
6932 0
6932 0
6932 0
6932 0
6932 0
6932 0
6932 0
6932 0
6932 0
6932 0
6932 0
6932 0
6932 0
6932 0
6932 0
6932 0
6932 0
6932 0
6932 0
6932 0
6932 0
6932 0
6932 0
6932 0
6932 0
6932 0
6932 0
6932 0
6932 0
6932 0
6932 0
6932 0
6932 0
6932 0
6932 0
6932 0
6932 0
6932 0
6932 0
6932 0
6932 0
6932 0
6932 0
6932 0
6932 0
6932 0
6932 0
6932 0
6932 0
6932 0
6932 0
6932 0
6932 0
6932 0
6932 0
6932 0
6932 0
6932 0
6932 0
6932 0
6932 0
6932 0
6932 0
6932 0
6932 0
6932 0
6932 0
6932 0
6932 0
6932 0
6932 0
6932 0
6932 0
6932 0
6932 0
6932 0
6932 0
6932 0
6932 0
6932 0
6932 0
6932 0
6932 0
6932 0
6932 0
6932 0
6932 0
6932 0
6932 0
6932 0
6932 0
6932 0
6932 0
6932 0
6932 0
6932 0
7132 0
7132 0
7132 0
7132 0
7132 0
7132 0
7132 0
7132 0
7132 0
7132 0
7132 0
7132 0
7132 0
7132 0
7132 0
7132 0
7132 0
7132 0
7132 0
7132 0
7132 0
7132 0
7132 0
7132 0
7132 0
7132 0
7132 0
7132 0
7132 0
7132 0
7132 0
7132 0
7132 0
7132 0
7132 0
7132 0
7132 0
7132 0
7132 0
7132 0
7132 0
7132 0
7132 0
7132 0
7132 0
7132 0
7132 0
7132 0
7132 0
7132 0
7132 0
7132 0
7132 0
7132 0
7132 0
7132 0
7132 0
7132 0
7132 0
7132 0
7132 0
7132 0
7132 0
7132 0
7132 0
7132 0
7132 0
7132 0
7132 0
7132 0
7132 0
7132 0
7132 0
7132 0
7132 0
7132 0
7132 0
7132 0
7132 0
7132 0
7132 0
7132 0
7132 0
7132 0
7132 0
7132 0
7132 0
7132 0
7132 0
7132 0
7132 0
7132 0
7132 0
7132 0
7132 0
7132 0
7132 0
7132 0
7132 0
7132 0
7132 0
7132 0
7132 0
7132 0
7132 0
7132 0
7132 0
7132 0
7132 0
7132 0
7132 0
7132 0
7132 0
7132 0
7132 0
7132 0
7132 0
7132 0
7132 0
7132 0
7132 0
7132 0
7132 0
7132 0
7132 0
7132 0
7132 0
7132 0
7132 0
7132 0
7132 0
7132 0
7132 0
7132 0
7132 0
7132 0
7132 0
7132 0
7132 0
7132 0
7132 0
7132 0
7132 0
7132 0
7132 0
7132 0
7132 0
7132 0
7132 0
7132 0
7132 0
7132 0
7132 0
7132 0
7132 0
7132 0
7132 0
7132 0
7132 0
7132 0
7132 0
7132 0
7132 0
7132 0
7132 0
7132 0
7132 0
7132 0
7132 0
7132 0
7132 0
7132 0
7132 0
7132 0
7132 0
7132 0
7132 0
7132 0
7132 0
7132 0
7132 0
7132 0
7132 0
7132 0
7132 0
7132 0
7132 0
7132 0
7132 0
7132 0
7132 0
7132 0
7132 0
7132 0
7132 0
7132 0
7132 0
7132 0
7132 0
7132 0
7132 0
7132 0
7132 0
7132 0
7132 0
7132 0
7132 0
7132 0
7132 0
7132 0
7132 0
7132 0
7132 0
7132 0
7132 0
7132 0
7132 0
7132 0
7132 0
7132 0
7132 0
7132 0
7132 0
7132 0
7132 0
7132 0
7132 0
7132 0
7132 0
7132 0
7132 0
7132 0
7132 0
7132 0
7132 0
7132 0
7132 0
7132 0
7132 0
7132 0
7132 0
7132 0
7132 0
7132 0
7132 0
7132 0
7132 0
7132 0
7132 0
7132 0
7132 0
7132 0
7132 0
7132 0
7132 0
7132 0
7132 0
7132 0
7132 0
7132 0
7132 0
7132 0
7132 0
7132 0
7132 0
7132 0
7132 0
7132 0
7132 0
7132 0
7132 0
7132 0
7132 0
7132 0
7132 0
7132 0
7132 0
7132 0
7132 0
7132 0
7132 0
7132 0
7132 0
7132 0
7132 0
7132 0
7132 0
7132 0
7132 0
7132 0
7132 0
7132 0
7132 0
7132 0
7132 0
7132 0
7132 0
7132 0
7132 0
7132 0
7132 0
7132 0
7132 0
7132 0
7132 0
7132 0
7132 0
7132 0
7132 0
7132 0
7132 0
7132 0
7132 0
7132 0
7132 0
7132 0
7132 0
7132 0
7132 0
7132 0
7132 0
7132 0
7132 0
7132 0
7132 0
7132 0
7132 0
7132 0
7132 0
7132 0
7132 0
7132 0
7132 0
7132 0
7132 0
7132 0
7132 0
7132 0
7132 0
7132 0
7132 0
7132 0
7132 0
7132 0
7132 0
7132 0
7132 0
7132 0
7132 0
7132 0
7132 0
7132 0
7132 0
7132 0
7132 0
7132 0
7132 0
7132 0
7132 0
7132 0
7132 0
7132 0
7132 0
7132 0
7132 0
7132 0
7132 0
7132 0
7132 0
7132 0
7132 0
7132 0
7132 0
7132 0
7132 0
7132 0
7132 0
7132 0
7132 0
7132 0
7132 0
7132 0
7132 0
7132 0
7132 0
7132 0
7132 0
7132 0
7132 0
7132 0
7132 0
7132 0
7132 0
7132 0
7132 0
7132 0
7132 0
7132 0
7132 0
7132 0
7132 0
7132 0
7132 0
7132 0
7132 0
7132 0
7132 0
7132 0
7132 0
7132 0
7132 0
7132 0
7132 0
7132 0
7132 0
7132 0
7132 0
7132 0
7132 0
7132 0
7132 0
7132 0
7132 0
7132 0
7132 0
7132 0
7132 0
7132 0
7132 0
7132 0
7132 0
7132 0
7132 0
7132 0
7132 0
7132 0
7132 0
7132 0
7132 0
7132 0
7132 0
7132 0
7132 0
7132 0
7132 0
7132 0
7132 0
7132 0
7132 0
7132 0
7132 0
7132 0
7132 0
7132 0
7132 0
7132 0
7132 0
7132 0
7132 0
7132 0
7132 0
7132 0
7132 0
7132 0
7132 0
7132 0
7132 0
7132 0
7132 0
7132 0
7132 0
7132 0
7132 0
7132 0
7132 0
7132 0
7132 0
7132 0
7132 0
7132 0
7132 0
7132 0
7132 0
7132 0
7132 0
7132 0
7132 0
7132 0
7132 0
7132 0
7132 0
7132 0
7132 0
7132 0
7132 0
7132 0
7132 0
7132 0
7132 0
7132 0
7132 0
7132 0
7132 0
7132 0
7132 0
7132 0
7132 0
7132 0
7132 0
7132 0
7132 0
7132 0
7132 0
7132 0
7132 0
7132 0
7132 0
7132 0
7132 0
7132 0
7132 0
7132 0
7132 0
7132 0
7132 2
7132 0
7132 0
7132 0
7132 0
7132 0
7132 0
7132 0
6932 0
6932 0
6932 0
6932 0
6932 0
6932 0
6932 0
6932 0
6932 0
6932 0
6932 0
6932 0
6932 0
6932 0
6932 0
6932 0
6932 0
6932 0
6932 0
6932 0
6932 0
6932 0
6932 0
6932 0
6932 0
6932 0
6932 0
6932 0
6932 0
6932 0
6932 0
6932 0
6932 0
6932 0
6932 0
6932 0
6932 0
6932 0
6932 0
6932 0
6932 0
6932 0
6932 0
6932 0
6932 0
6932 0
6932 0
6932 0
6932 0
6932 0
6932 0
6932 0
6932 0
6932 0
6932 0
6932 0
6932 0
6932 0
6932 0
6932 0
6932 0
6932 0
7032 0
7032 0
7032 0
7032 0
7032 0
7032 0
7032 0
7032 0
7032 0
7032 0
7032 0
7032 0
7032 0
7032 0
7032 0
7032 0
7032 0
7032 0
7032 0
7032 0
7032 0
7032 0
7032 0
7032 0
7032 0
7032 0
6932 0
6932 0
6932 0
6932 0
6932 0
6932 0
6932 0
6932 0
6932 0
6932 0
6932 0
6932 0
6932 0
6932 0
6932 0
6932 0
6932 0
6932 0
6932 0
6932 0
6932 0
6932 0
6932 0
6932 0
6932 0
6932 0
6932 0
6932 0
6932 0
6932 0
6932 0
6932 0
6932 0
6932 0
6932 0
6932 0
6932 0
6932 0
6932 0
6932 0
6932 0
6932 0
6932 0
6932 0
6932 0
6932 0
6932 0
6932 0
6932 0
6932 0
6932 0
6932 0
6932 0
6932 0
6932 0
6932 0
6932 0
6932 0
6932 0
6932 0
6932 0
6932 0
6932 0
6932 0
6932 0
6932 0
6932 0
6932 0
6932 0
6932 0
6932 0
6932 0
6932 0
6932 0
6932 0
6932 0
6932 0
6932 0
6932 0
6932 0
6932 0
6932 0
6932 0
6932 0
6932 0
6932 0
6932 0
6932 0
6932 0
6932 0
6932 0
6932 0
6932 0
6932 0
6932 0
6932 0
6932 0
6932 0
6932 0
6932 0
6932 0
6932 0
6932 0
6932 0
6932 0
6932 0
6932 0
6932 0
6932 0
6932 0
6932 0
6932 0
6932 0
6932 0
6932 0
6932 0
6932 0
6932 0
6932 0
6932 0
6932 0
6932 0
6932 0
6932 0
6932 0
6932 0
6932 0
6932 0
6932 0
6932 0
6932 0
6932 0
6932 0
6932 0
6932 0
6932 0
6932 0
6932 0
6932 0
6932 0
6932 0
6932 0
6932 0
6932 0
6932 0
6932 0
6932 0
6932 0
6932 0
6932 0
6932 0
6932 0
6932 0
6932 0
6932 0
6932 0
6932 0
6932 0
6932 0
6932 0
6932 0
6932 0
6932 0
6932 0
6932 0